   -0.07100839
   -0.08966947
   -0.01835062
   -0.04539880
    0.04496211
   -0.02397668
   -0.01652441
   -0.03319630
    0.02796578
   -0.03406712
    0.04240927
   -0.09011146
    0.05812398
   -0.00447632
    0.06454654
    0.05786107
    0.06166665
    0.08612682
    0.11212669
    0.11171865
    0.02228406
   -0.03351486
   -0.05051539
    0.05523232
   -0.12745452
    0.05466600
   -0.05088128
   -0.03127044
    0.01912972
   -0.02820892
   -0.02458879
   -0.02176016
   -0.03319934
    0.04307463
    0.03605558
    0.19840189
    0.03552080
    0.04495840
    0.07078128
    0.06889735
   -0.00641699
   -0.04387715
    0.04559946
   -0.00727691
   -0.02925418
    0.04768594
   -0.09305404
    0.04296359
    0.08363375
    0.09216470
    0.12114340
    0.13019468
   -0.01823031
   -0.04490550
    0.04578005
   -0.02347002
   -0.01615079
   -0.03268691
    0.02781362
   -0.03335528
    0.04124818
   -0.09183962
    0.05844778
   -0.00421153
    0.06556483
    0.05972357
    0.06422403
    0.08946640
    0.11310265
    0.11636804
    0.02255111
   -0.03491228
   -0.05279762
    0.05527368
   -0.13148205
    0.05957503
   -0.05211002
   -0.03103409
    0.02411833
   -0.03253961
   -0.01657554
   -0.01805658
   -0.03480469
    0.04364518
    0.03604587
    0.19939957
    0.03403909
    0.04358751
    0.06813760
    0.06542914
   -0.00958931
   -0.04516802
    0.04873381
   -0.00869892
   -0.02946511
    0.04726555
   -0.08699331
    0.04542374
    0.08216253
    0.08914741
    0.11823331
    0.12911614
   -0.01786707
   -0.04462773
    0.04495753
   -0.02434692
   -0.01672375
   -0.03288921
    0.02641376
   -0.03324040
    0.04056945
   -0.09280540
    0.05705254
   -0.00659575
    0.06602077
    0.06003269
    0.06372728
    0.08829863
    0.11616641
    0.11847730
    0.02235591
   -0.03461339
   -0.05250085
    0.05507819
   -0.13106116
    0.05922809
   -0.05197831
   -0.03105678
    0.02427894
   -0.03227288
   -0.01704131
   -0.01890854
   -0.03488264
    0.04351202
    0.03630222
    0.19964905
    0.03447834
    0.04382716
    0.07007349
    0.06766177
   -0.00898374
   -0.04484268
    0.04872964
   -0.00860570
   -0.02944029
    0.04933473
   -0.08643077
    0.04507889
    0.08232454
    0.08882098
    0.11731269
    0.12553173
   -0.01716325
   -0.04342651
    0.04532280
   -0.02367009
   -0.01677908
   -0.03271011
    0.02701553
   -0.03329926
    0.04118755
   -0.09438988
    0.05771199
   -0.00812470
    0.06970053
    0.06168994
    0.06416383
    0.08831721
    0.11111062
    0.11313330
    0.02023179
   -0.03526376
   -0.05041630
    0.05244461
   -0.12503671
    0.05310886
   -0.04944394
   -0.02949099
    0.02091679
   -0.02918718
   -0.02394105
   -0.02344404
   -0.03171246
    0.04512545
    0.03972600
    0.19700115
    0.03444776
    0.04253396
    0.07163548
    0.07015837
   -0.00749805
   -0.04517319
    0.04700724
   -0.00843982
   -0.02938703
    0.04828429
   -0.08488188
    0.04214615
    0.08314208
    0.08762793
    0.11832329
    0.12969610
