           4           3   2.63024475958639     
           5           4   1.13532661767930     
           6           5   1.45043805402207     
           7           6   1.34786368626651     
           8           7   1.52159205034440     
           9           8   1.29338012875647     
          10           9   1.27376306136215     
          11          10   1.55399726069130     
          12           2  0.592928453366235     
          12          11   1.24784650286291     
          13          12   1.43173454930632     
          14           5   1.20085519455107     
          14           9   1.22935874159028     
          14          13   1.31996938250836     
          15           6  0.967246438818147     
          16           7  0.967700629038325     
          17           8  0.965741515845656     
          18          10  0.960509724423737     
          19          11  0.918761774575188     
          20          13  0.914822186393360     
          21           3   1.12238702763659     
          22          21   1.30737483991295     
          23          22   1.49384333724708     
          24          23   1.34231790136651     
          25          24   1.16388368008141     
          26          25   1.18097297178659     
          27          26   1.33278678172931     
          28          27   1.50315880545489     
          29          28   1.29759448152856     
          30          29   1.37091373338103     
          31          26   1.24024633599604     
          31          30   1.39466993225557     
          32          24   1.25236426798209     
          32          31   1.13955075558957     
          33          21   1.39185196453947     
          33          32   1.38101916424924     
          34          22  0.970376572588749     
          35          23  0.966562550844699     
          36          25  0.931036400792368     
          37          27  0.966814405443629     
          38          28  0.970044433504272     
          39          30  0.964858693206909     
          40          33  0.965264848930060     
          41          29   1.14830738304807     
          42          41   2.62101654882629     
          43          42   1.15226194665678     
          44          43   1.32577367343657     
          45          44   1.46390839095650     
          46          45   1.41475613964208     
          47           1  0.603844053789966     
          47          46   1.33985494727456     
          48          43   1.34245198098538     
          48          47   1.36363618287731     
          49          44  0.964207315720282     
          50          45  0.961058253176918     
          51          46  0.912073152300470     
          52          48  0.910969998948140     
          54          53   2.63228950814994     
          55          54   1.13384587199161     
          56          55   1.45130130039723     
          57          56   1.34781973621499     
          58          57   1.52125683107616     
          59          58   1.29421185105252     
          60          59   1.27252702821079     
          61          60   1.55596380097563     
          62           1  0.603023413496000     
          62          61   1.24343444611054     
          63          62   1.43120016194450     
          64          55   1.20187271675050     
          64          59   1.22913715523538     
          64          63   1.31851792679110     
          65          56  0.967105075063177     
          66          57  0.967456469716131     
          67          58  0.965383421790027     
          68          60  0.959780013191461     
          69          61  0.917320805969560     
          70          63  0.915401371319491     
          71          53   1.12152830447532     
          72          71   1.31136531535872     
          73          72   1.49140099405956     
          74          73   1.34389454225821     
          75          74   1.16314758142400     
          76          75   1.18011735889792     
          77          76   1.33494703845980     
          78          77   1.50312694827902     
          79          78   1.29961333878898     
          80          79   1.36949416089652     
          81          76   1.24019654979859     
          81          80   1.39579711792367     
          82          74   1.25148410818561     
          82          81   1.13951773174269     
          83          71   1.38968448218972     
          83          82   1.38266992465451     
          84          72  0.970397105349754     
          85          73  0.966714483730841     
          86          75  0.930757596782714     
          87          77  0.967112763016043     
          88          78  0.970345668382610     
          89          80  0.965258829324365     
          90          83  0.965733580986590     
          91          79   1.14853734977384     
          92          91   2.62237985806180     
          93          92   1.15214724200133     
          94          93   1.32745599327134     
          95          94   1.46259373819185     
          96          95   1.41624745450893     
          97           2  0.599012480820839     
          97          96   1.34016583197904     
          98          93   1.34111128420772     
          98          97   1.36751943134487     
          99          94  0.964587750987676     
         100          95  0.961676179694451     
         101          96  0.911554666516022     
         102          98  0.909722742536678     
         104         103   2.62880740753843     
         105         104   1.13675348050014     
         106         105   1.44795163399918     
         107         106   1.34980126646375     
         108         107   1.51969610442114     
         109         108   1.29461488817362     
         110         109   1.27232540598549     
         111         110   1.55574204037897     
         112           1  0.602637871688078     
         112         111   1.24305203877570     
         113         112   1.42944305702285     
         114         105   1.20126989013000     
         114         109   1.22885591732734     
         114         113   1.31926642961551     
         115         106  0.967022739805924     
         116         107  0.967380246923983     
         117         108  0.965448942912490     
         118         110  0.960021670285454     
         119         111  0.915517617706553     
         120         113  0.914802597136006     
         121         103   1.12326022619610     
         122         121   1.30633332475091     
         123         122   1.49426938664224     
         124         123   1.34188105996333     
         125         124   1.16470787617966     
         126         125   1.17968446298233     
         127         126   1.33445425111112     
         128         127   1.50397634906171     
         129         128   1.29777587157001     
         130         129   1.37160515636617     
         131         126   1.24094025871098     
         131         130   1.39457115512939     
         132         124   1.25153845931758     
         132         131   1.13943058231611     
         133         121   1.39189497436488     
         133         132   1.38193175679377     
         134         122  0.970304198793108     
         135         123  0.966498995017992     
         136         125  0.930553710014480     
         137         127  0.966953294016488     
         138         128  0.970269599446138     
         139         130  0.965075466609489     
         140         133  0.965460360767411     
         141         129   1.14797771225833     
         142         141   2.62228929302807     
         143         142   1.15159335950439     
         144         143   1.32601740187804     
         145         144   1.46465357355345     
         146         145   1.41402584076908     
         147           2  0.601067521647017     
         147         146   1.34355770007784     
         148         143   1.34327303704035     
         148         147   1.36499025838901     
         149         144  0.964553867853013     
         150         145  0.961737906921610     
         151         146  0.913742047071594     
         152         148  0.910778980754814     
         154         153   2.63065098347792     
         155         154   1.13360572327723     
         156         155   1.45514383058891     
         157         156   1.34542252871830     
         158         157   1.52322997029978     
         159         158   1.29249618474064     
         160         159   1.27392306348548     
         161         160   1.55343511099397     
         162           1  0.600674987259653     
         162         161   1.24671152635851     
         163         162   1.42753451449949     
         164         155   1.19740114161419     
         164         159   1.22916822591360     
         164         163   1.32190579442849     
         165         156  0.966414722122215     
         166         157  0.967304408727081     
         167         158  0.965448540312571     
         168         160  0.960015567040517     
         169         161  0.923021045136114     
         170         163  0.912682539067089     
         171         153   1.12072476172925     
         172         171   1.30851578729330     
         173         172   1.49267817883365     
         174         173   1.34257230032314     
         175         174   1.16322243204836     
         176         175   1.18092215790492     
         177         176   1.33405525677168     
         178         177   1.50152799690235     
         179         178   1.30207118334564     
         180         179   1.36794775731357     
         181         176   1.24047198619276     
         181         180   1.39497262584807     
         182         174   1.25228940460818     
         182         181   1.13931136830046     
         183         171   1.39259831708428     
         183         182   1.38082354018433     
         184         172  0.970094397905176     
         185         173  0.966289006215876     
         186         175  0.931527455589514     
         187         177  0.967027106695690     
         188         178  0.970399375466099     
         189         180  0.964696664097639     
         190         183  0.965040147701030     
         191         179   1.14791645934550     
         192         191   2.62312186524880     
         193         192   1.15142999342837     
         194         193   1.32692313743300     
         195         194   1.46533102877382     
         196         195   1.41277750546443     
         197           2  0.599457072929464     
         197         196   1.34608021301416     
         198         193   1.34283368349623     
         198         197   1.36264065056859     
         199         194  0.964380891219224     
         200         195  0.962091747085938     
         201         196  0.916913912947089     
         202         198  0.904402762307277     
