   -0.07771578
   -0.08262934
   -0.02001684
   -0.02916105
    0.04508609
   -0.01622301
   -0.01730980
   -0.02955894
    0.00257435
    0.06344363
   -0.11794416
    0.04188440
   -0.02881248
    0.01414185
    0.05928594
    0.05731897
    0.07273698
    0.11269721
    0.16011894
    0.11275742
    0.04135934
   -0.02319198
   -0.02512852
   -0.02591090
    0.00020316
   -0.04202418
    0.04805659
    0.03979989
    0.04919586
    0.07802828
    0.01194637
   -0.00373326
   -0.02768871
    0.05650721
   -0.07694313
    0.04345511
    0.08046976
    0.09344119
    0.13554306
    0.12868836
   -0.02054078
   -0.02930778
    0.04482378
   -0.01648482
   -0.01768195
   -0.02869539
    0.00303365
    0.06732636
   -0.12553911
    0.04124522
   -0.02917218
    0.01134470
    0.06044406
    0.05690250
    0.07134707
    0.11936577
    0.14282020
    0.11086507
    0.04149836
   -0.02254948
   -0.02496801
   -0.02678820
   -0.00077358
   -0.03968727
    0.04684235
    0.04084955
    0.05206095
    0.08284045
    0.01069582
   -0.00320792
   -0.02832400
    0.06054142
   -0.11017498
    0.04941677
    0.08459081
    0.09887314
    0.13270521
    0.13795315
   -0.01985246
   -0.02860811
    0.04542421
   -0.01554393
   -0.01725493
   -0.02875422
    0.00141827
    0.07456652
   -0.16715123
    0.04105101
   -0.02811234
    0.01123388
    0.06131447
    0.05857366
    0.07356348
    0.12697750
    0.14035061
    0.11206516
    0.04131149
   -0.02243196
   -0.02482462
   -0.02636880
   -0.00111380
   -0.04061701
    0.04781926
    0.04103787
    0.05157984
    0.08166014
    0.01031810
   -0.00239636
   -0.02746029
    0.05894106
   -0.11373488
    0.04913117
    0.08364489
    0.09571328
    0.12253539
    0.14295043
   -0.02109779
   -0.02976975
    0.04438415
   -0.01668751
   -0.01806504
   -0.02891076
    0.00285360
    0.06394028
   -0.11244461
    0.03896352
   -0.02957228
    0.01012090
    0.06007932
    0.05602922
    0.06984667
    0.11985092
    0.14594963
    0.10751808
    0.04115631
   -0.02258487
   -0.02487129
   -0.02741991
   -0.00169245
   -0.03927231
    0.04590294
    0.04095071
    0.05325378
    0.08190539
    0.00950096
   -0.00241324
   -0.02791031
    0.06095234
   -0.11495009
    0.04993111
    0.08591650
    0.09990931
    0.13175980
    0.13879124
