           4           3   2.64690878494423     
           5           4   1.13750182086647     
           6           5   1.43712352842234     
           7           6   1.34770707676817     
           8           7   1.53234808863790     
           9           8   1.27215362577096     
          10           9   1.29282182529951     
          11           2  0.607412335525112     
          11          10   1.44065842854668     
          12          11   1.22916945370844     
          13          12   1.54565744780506     
          14           5   1.22066676887307     
          14           9   1.23243243254925     
          14          13   1.29128682985817     
          15           6  0.968283022169225     
          16           7  0.967576031878849     
          17           8  0.964193243506296     
          18          10  0.913139361437428     
          19          12  0.888753636217168     
          20          13  0.953652076861461     
          21           3   1.12685995087169     
          22          21   1.34745615430988     
          23          22   1.45182108240981     
          24          23   1.43994823778027     
          25          24   1.37408871945829     
          26          21   1.36825457743077     
          26          25   1.39555878115705     
          27          22  0.969869018195272     
          28          23  0.969187786809233     
          29          24  0.966751529888561     
          30          26  0.961377104236236     
          31          25   1.05610125793751     
          32          31   1.36958509428707     
          33          32   1.44846047457864     
          34          33   1.42644794224324     
          35           1  0.608522674563540     
          35          34   1.34633600658423     
          36          31   1.38220474186249     
          36          35   1.35650238854834     
          37          32  0.962035613703482     
          38          33  0.961637301740645     
          39          34  0.905519176997732     
          40          36  0.902031543133976     
          42          41   2.64530195556948     
          43          42   1.14020501893823     
          44          43   1.43677504939952     
          45          44   1.34941003564155     
          46          45   1.53008067422212     
          47          46   1.27475275193174     
          48          47   1.28538800300126     
          49           1  0.591103302085405     
          49          48   1.44724937014449     
          50          49   1.22081549767845     
          51          50   1.55081927474946     
          52          43   1.21848340219938     
          52          47   1.23626505297642     
          52          51   1.28672742950884     
          53          44  0.968089257784003     
          54          45  0.967785393064462     
          55          46  0.964568099920118     
          56          48  0.920135667547704     
          57          50  0.883247291914605     
          58          51  0.953105618547905     
          59          41   1.12915734707120     
          60          59   1.34634181310757     
          61          60   1.45119316065729     
          62          61   1.44122324130072     
          63          62   1.37061927510811     
          64          59   1.36602022190517     
          64          63   1.39923856806376     
          65          60  0.969950360378894     
          66          61  0.968891450960027     
          67          62  0.965988339436238     
          68          64  0.962027257919783     
          69          63   1.05503234222465     
          70          69   1.37430391690135     
          71          70   1.44123107174758     
          72          71   1.43420637152202     
          73           2  0.590687227191696     
          73          72   1.33468595971943     
          74          69   1.37759679883878     
          74          73   1.36108880085728     
          75          70  0.961111688789425     
          76          71  0.960537032061228     
          77          72  0.884456445105602     
          78          74  0.916791773029854     
          80          79   2.64667112518496     
          81          80   1.13812302007925     
          82          81   1.44176211412785     
          83          82   1.34480100525533     
          84          83   1.53520571663978     
          85          84   1.26989759239156     
          86          85   1.29627908351861     
          87           1  0.572245174384565     
          87          86   1.43255313015597     
          88          87   1.23128141400328     
          89          88   1.54398804336240     
          90          81   1.21618063277943     
          90          85   1.23204793738741     
          90          89   1.29386415805782     
          91          82  0.968088943001443     
          92          83  0.967631138020653     
          93          84  0.964261526614031     
          94          86  0.902600883759749     
          95          88  0.906235968155269     
          96          89  0.952651139015126     
          97          79   1.12730577823519     
          98          97   1.34817127427838     
          99          98   1.45058801526528     
         100          99   1.44147471217335     
         101         100   1.37137787050248     
         102          97   1.36642830555916     
         102         101   1.39870665077924     
         103          98  0.969864102773302     
         104          99  0.968925412247181     
         105         100  0.966056785413386     
         106         102  0.961819435907355     
         107         101   1.05482192577601     
         108         107   1.36665086749382     
         109         108   1.45013218190438     
         110         109   1.42561947738469     
         111           2  0.582059254246831     
         111         110   1.34830466775539     
         112         107   1.38671024699314     
         112         111   1.34936420532764     
         113         108  0.961286344168688     
         114         109  0.961094839858747     
         115         110  0.912091315571944     
         116         112  0.898709282603612     
         118         117   2.64549276277498     
         119         118   1.14006104985481     
         120         119   1.43875257491354     
         121         120   1.34900574552272     
         122         121   1.53048036509882     
         123         122   1.27504649107003     
         124         123   1.28246579175946     
         125           1  0.591195132295572     
         125         124   1.45177287824164     
         126         125   1.21974043061415     
         127         126   1.55160333799061     
         128         119   1.21689042842163     
         128         123   1.23848906771698     
         128         127   1.28527243637751     
         129         120  0.968153719626258     
         130         121  0.967976312000747     
         131         122  0.964838479922538     
         132         124  0.922858396917199     
         133         126  0.877652926899381     
         134         127  0.953222283554410     
         135         117   1.12929870234671     
         136         135   1.34908898324348     
         137         136   1.45069479143476     
         138         137   1.44108957264537     
         139         138   1.37197842262536     
         140         135   1.36259134418471     
         140         139   1.40334986860167     
         141         136  0.970066820574971     
         142         137  0.968902346806913     
         143         138  0.966543375443650     
         144         140  0.962740881059077     
         145         139   1.04892180080885     
         146         145   1.37572322817020     
         147         146   1.44035118146710     
         148         147   1.43457380140814     
         149           2  0.585864029400331     
         149         148   1.33481325193869     
         150         145   1.38222947595593     
         150         149   1.35861916140599     
         151         146  0.961514692403913     
         152         147  0.960325580287654     
         153         148  0.885366875330811     
         154         150  0.918910410004492     
