   -0.07370339
   -0.06369214
   -0.00457738
   -0.02859782
    0.04981983
   -0.00339512
   -0.02636397
    0.05643871
   -0.10307427
    0.04594142
    0.09047168
    0.09514736
    0.12425033
    0.14594001
    0.04028104
   -0.02231366
   -0.02466707
   -0.02476415
   -0.00064132
   -0.04084676
    0.05680897
    0.04622928
    0.05332988
    0.08519856
    0.01038522
   -0.00310230
   -0.02790288
    0.05714259
   -0.09544534
    0.04518751
    0.08478610
    0.09654046
    0.12979440
    0.13002555
   -0.00492769
   -0.02924308
    0.04934622
   -0.00368454
   -0.02691447
    0.05689531
   -0.10362517
    0.04684572
    0.08954420
    0.09411824
    0.12359329
    0.14075207
    0.04029810
   -0.02210561
   -0.02462267
   -0.02503775
   -0.00101124
   -0.04069212
    0.05594948
    0.04655833
    0.05466184
    0.08646374
    0.01007327
   -0.00250377
   -0.02739458
    0.05747723
   -0.09998705
    0.04551945
    0.08621295
    0.09783561
    0.12881482
    0.13199404
   -0.00514450
   -0.02932546
    0.04940349
   -0.00377776
   -0.02696602
    0.05756922
   -0.10382463
    0.04585521
    0.08923223
    0.09389698
    0.12686662
    0.13827925
    0.04034254
   -0.02200413
   -0.02455532
   -0.02487335
   -0.00112435
   -0.04055105
    0.05564527
    0.04630901
    0.05485300
    0.08667682
    0.00977588
   -0.00235050
   -0.02727998
    0.05669704
   -0.10226451
    0.04610215
    0.08654320
    0.09813902
    0.12680456
    0.13683148
   -0.00545238
   -0.02982046
    0.04948852
   -0.00385882
   -0.02686971
    0.05624893
   -0.09450737
    0.04477434
    0.08861374
    0.09232410
    0.12441739
    0.14040835
    0.04026356
   -0.02204350
   -0.02454231
   -0.02518583
   -0.00125085
   -0.04016435
    0.05525937
    0.04643126
    0.05529285
    0.08721452
    0.00956948
   -0.00232395
   -0.02731732
    0.05757003
   -0.10551214
    0.04718478
    0.08713031
    0.09935188
    0.12929487
    0.13439385
