           4           3   2.65177649452400     
           5           4   1.13328980265627     
           6           5   1.33806373305896     
           7           6   1.45640469659883     
           8           7   1.42032219161695     
           9           2  0.597232771563065     
           9           8   1.34653729792476     
          10           5   1.35659939562224     
          10           9   1.35614196023540     
          11           6  0.963106939953831     
          12           7  0.960597893096275     
          13           8  0.913852619457592     
          14          10  0.901155895833753     
          15           3   1.12651405721776     
          16          15   1.34903250457755     
          17          16   1.44953907676125     
          18          17   1.44203586615068     
          19          18   1.37232441909022     
          20          15   1.36626145582771     
          20          19   1.39877661273079     
          21          16  0.968873584994665     
          22          17  0.968437470213638     
          23          18  0.965994291786521     
          24          20  0.961006073177307     
          25          19   1.05418343418624     
          26          25   1.36892649956893     
          27          26   1.44795952703735     
          28          27   1.42800522831447     
          29           1  0.589220326806278     
          29          28   1.34905417373098     
          30          25   1.38566485865596     
          30          29   1.35736539821972     
          31          26  0.961067929815178     
          32          27  0.960767682047461     
          33          28  0.908822302529374     
          34          30  0.907566773430763     
          36          35   2.65203084123874     
          37          36   1.13310245258246     
          38          37   1.33787206096924     
          39          38   1.45757813478140     
          40          39   1.41922536329846     
          41           1  0.589282875536926     
          41          40   1.34893633723933     
          42          37   1.35727747654493     
          42          41   1.35663285077761     
          43          38  0.963312314541224     
          44          39  0.960863803899745     
          45          40  0.915676509134641     
          46          42  0.899974340966171     
          47          35   1.12648997230010     
          48          47   1.34910445354034     
          49          48   1.44936658034164     
          50          49   1.44222921139813     
          51          50   1.37184696760160     
          52          47   1.36612464467628     
          52          51   1.39920998697626     
          53          48  0.968975108185874     
          54          49  0.968375009907643     
          55          50  0.965774023003256     
          56          52  0.961007228344621     
          57          51   1.05393149180049     
          58          57   1.36919977938200     
          59          58   1.44698832107659     
          60          59   1.42930123899658     
          61           2  0.592109316726778     
          61          60   1.34660298602294     
          62          57   1.38550994611170     
          62          61   1.35693895861182     
          63          58  0.960794023334076     
          64          59  0.960441161945338     
          65          60  0.908814742340255     
          66          62  0.910413241236051     
          68          67   2.65137665995378     
          69          68   1.13459486418444     
          70          69   1.33909512213924     
          71          70   1.45565142074630     
          72          71   1.42150900944628     
          73           1  0.592066367848372     
          73          72   1.34473429252779     
          74          69   1.35410039367466     
          74          73   1.35970556195132     
          75          70  0.963368654217044     
          76          71  0.960929240992893     
          77          72  0.910553334732315     
          78          74  0.905518010043127     
          79          67   1.12809895664040     
          80          79   1.34894554945453     
          81          80   1.44982218561622     
          82          81   1.44176723820875     
          83          82   1.37225261070310     
          84          79   1.36436378605882     
          84          83   1.40076436803588     
          85          80  0.969015042484719     
          86          81  0.968440988801611     
          87          82  0.966049285541546     
          88          84  0.961207037932395     
          89          83   1.05207582916206     
          90          89   1.36890369862555     
          91          90   1.44771927603160     
          92          91   1.42812333057711     
          93           2  0.588465918392519     
          93          92   1.34900844825248     
          94          89   1.38769338077342     
          94          93   1.35444159514188     
          95          90  0.960948624862737     
          96          91  0.960395705659185     
          97          92  0.911856781525505     
          98          94  0.905932447593864     
         100          99   2.65134713557184     
         101         100   1.13447394490492     
         102         101   1.33671273320434     
         103         102   1.45928416649522     
         104         103   1.41713978753397     
         105           1  0.595363500877663     
         105         104   1.35137691676714     
         106         101   1.35668105169166     
         106         105   1.35549082231309     
         107         102  0.963448363670522     
         108         103  0.961287924954251     
         109         104  0.917707215220268     
         110         106  0.897164468453448     
         111          99   1.12829790329331     
         112         111   1.34913501955025     
         113         112   1.44966313466292     
         114         113   1.44193074091093     
         115         114   1.37201776509335     
         116         111   1.36370242014944     
         116         115   1.40183208979915     
         117         112  0.969045423845721     
         118         113  0.968378656991259     
         119         114  0.966039036877562     
         120         116  0.961450997131684     
         121         115   1.05102404329972     
         122         121   1.37156679081418     
         123         122   1.44458787880132     
         124         123   1.43164677622650     
         125           2  0.587622127382556     
         125         124   1.34447520109877     
         126         121   1.38563192434875     
         126         125   1.35844797252439     
         127         122  0.960920472016836     
         128         123  0.960102595980960     
         129         124  0.904782663276817     
         130         126  0.912663306954009     
