   -0.07649902
   -0.07633780
   -0.01774811
   -0.03231935
    0.04349004
   -0.02137148
   -0.01581744
   -0.03019967
    0.02762944
   -0.03195369
    0.04512139
   -0.09399038
    0.06010176
   -0.00510982
    0.06727273
    0.05821380
    0.06338638
    0.09017038
    0.12210344
    0.12415105
    0.04015295
   -0.02483504
   -0.02508192
   -0.00620629
   -0.03546447
   -0.03392390
    0.05359335
    0.05423410
    0.06603346
    0.07933551
    0.00834864
   -0.00285601
   -0.02811742
    0.05825491
   -0.10744714
    0.04287400
    0.09005005
    0.09788754
    0.12461169
    0.13425076
   -0.01676152
   -0.03215740
    0.04392817
   -0.02163459
   -0.01574032
   -0.03046390
    0.02742901
   -0.03196039
    0.04496663
   -0.09327503
    0.05926568
   -0.00475145
    0.06700046
    0.05829394
    0.06343061
    0.09024519
    0.12252389
    0.12697173
    0.03968816
   -0.02677323
   -0.02766132
   -0.00905691
   -0.03630758
   -0.03300245
    0.05801237
    0.05771783
    0.07075660
    0.07443474
    0.00760275
   -0.00278365
   -0.02803036
    0.05844127
   -0.10889726
    0.04408157
    0.09047554
    0.09792735
    0.12457079
    0.12982554
   -0.01772624
   -0.03234043
    0.04348941
   -0.02134091
   -0.01581654
   -0.03020787
    0.02762112
   -0.03194634
    0.04520936
   -0.09465429
    0.06017198
   -0.00516777
    0.06731404
    0.05825886
    0.06343247
    0.09021117
    0.12215608
    0.12397217
    0.04015239
   -0.03386355
   -0.03544339
   -0.00624338
   -0.02506722
   -0.02479667
    0.07920112
    0.06598697
    0.05428970
    0.05359892
    0.00827735
   -0.00282374
   -0.02811727
    0.05833880
   -0.10832683
    0.04293866
    0.09019586
    0.09799888
    0.12454937
    0.13437791
   -0.01678399
   -0.03217821
    0.04391525
   -0.02163601
   -0.01573932
   -0.03045076
    0.02742238
   -0.03196382
    0.04498453
   -0.09347553
    0.05926624
   -0.00476550
    0.06703386
    0.05828186
    0.06339922
    0.09017043
    0.12255661
    0.12690385
    0.03964819
   -0.02675239
   -0.02767605
   -0.00913936
   -0.03630196
   -0.03299233
    0.05802488
    0.05770090
    0.07084384
    0.07447274
    0.00752324
   -0.00278153
   -0.02803824
    0.05845638
   -0.10913801
    0.04406348
    0.09051812
    0.09795382
    0.12459629
    0.12989586
