           4           3   2.63462036421736     
           5           4   1.14244245910920     
           6           5   1.44592481145590     
           7           6   1.34877654774679     
           8           7   1.52117406020637     
           9           8   1.29188309149645     
          10           9   1.27329128467631     
          11          10   1.55344455643949     
          12           2  0.601056605542622     
          12          11   1.24615000539763     
          13          12   1.43126335537019     
          14           5   1.19980396746775     
          14           9   1.23122670298689     
          14          13   1.31799815360597     
          15           6  0.966936516270710     
          16           7  0.967642196854747     
          17           8  0.965526997215388     
          18          10  0.959850532571818     
          19          11  0.904300726041477     
          20          13  0.911016021660786     
          21           3   1.13417900071971     
          22          21   1.34718811256451     
          23          22   1.47006954213987     
          24          23   1.37460108656360     
          25          24   1.36866639906332     
          26          21   1.34457343366395     
          26          25   1.47487237376526     
          27          22  0.968525512297700     
          28          23  0.965647029491833     
          29          25  0.963518717129846     
          30          26  0.964607950551631     
          31          24   1.05435584160532     
          32          31   1.36668610321792     
          33          32   1.44943602372198     
          34          33   1.42546734668807     
          35           1  0.588736237712105     
          35          34   1.34959847795964     
          36          31   1.38606324259339     
          36          35   1.35016943293005     
          37          32  0.960931941504633     
          38          33  0.960497115439272     
          39          34  0.912312113117885     
          40          36  0.903032765511519     
          42          41   2.63679669103249     
          43          42   1.13463444202352     
          44          43   1.45054864534370     
          45          44   1.34643229276521     
          46          45   1.52298226575513     
          47          46   1.29243505906375     
          48          47   1.27273693247623     
          49          48   1.55461161123467     
          50           2  0.602265408592762     
          50          49   1.24470634535331     
          51          50   1.43333487253965     
          52          43   1.20298047901890     
          52          47   1.23102654626310     
          52          51   1.31562045956105     
          53          44  0.966956202722420     
          54          45  0.967522252229807     
          55          46  0.965463512497677     
          56          48  0.959784421641026     
          57          49  0.902896500394555     
          58          51  0.911793174797723     
          59          41   1.12627516664228     
          60          59   1.35205553160580     
          61          60   1.46742096992029     
          62          61   1.37555783972236     
          63          62   1.37260685926743     
          64          59   1.34839669268045     
          64          63   1.47115209415130     
          65          60  0.967897903029366     
          66          61  0.965196918308671     
          67          63  0.963460260279013     
          68          64  0.965509918336058     
          69          62   1.05078937221058     
          70          69   1.36740739437180     
          71          70   1.44870619599722     
          72          71   1.42612806677893     
          73           1  0.586123874781858     
          73          72   1.34932594623479     
          74          69   1.38814840352988     
          74          73   1.35014657762169     
          75          70  0.961209114666627     
          76          71  0.960516810030380     
          77          72  0.912085641925533     
          78          74  0.904523782324526     
          80          79   2.63455550834565     
          81          80   1.14253156696366     
          82          81   1.44606421654436     
          83          82   1.34867714133815     
          84          83   1.52124936959684     
          85          84   1.29175764349306     
          86          85   1.27333104840586     
          87          86   1.55340482793708     
          88           1  0.600469614180746     
          88          87   1.24620155125980     
          89          88   1.43109618793969     
          90          81   1.19956939799975     
          90          85   1.23127637831486     
          90          89   1.31819911763777     
          91          82  0.966918496762513     
          92          83  0.967645896532042     
          93          84  0.965535259710180     
          94          86  0.959844621250751     
          95          87  0.904337238721924     
          96          89  0.910984506692392     
          97          79   1.13434508108522     
          98          97   1.34452762445675     
          99          98   1.47483914942724     
         100          99   1.36880655869547     
         101         100   1.37455727971795     
         102          97   1.34710074960147     
         102         101   1.47011379726285     
         103          98  0.964631367915588     
         104          99  0.963543652739641     
         105         101  0.965656046380121     
         106         102  0.968509824732293     
         107         100   1.05416436685540     
         108         107   1.36679399263641     
         109         108   1.44932345665026     
         110         109   1.42558517915366     
         111           2  0.588135354635944     
         111         110   1.34950347538768     
         112         107   1.38614575768136     
         112         111   1.35010872189740     
         113         108  0.960927252459171     
         114         109  0.960475730416743     
         115         110  0.912281403458124     
         116         112  0.903110194264846     
         118         117   2.63674293661560     
         119         118   1.13486244837586     
         120         119   1.45031331944160     
         121         120   1.34654836050073     
         122         121   1.52288542321682     
         123         122   1.29246012659178     
         124         123   1.27279902683662     
         125         124   1.55450891342567     
         126           1  0.602036368347913     
         126         125   1.24486541332282     
         127         126   1.43312745944633     
         128         119   1.20296692215051     
         128         123   1.23090997599297     
         128         127   1.31580144865725     
         129         120  0.966958981991140     
         130         121  0.967522082820726     
         131         122  0.965465960247150     
         132         124  0.959789924687223     
         133         125  0.903059676374671     
         134         127  0.911732427904067     
         135         117   1.12649549267174     
         136         135   1.35185066723575     
         137         136   1.46747120236741     
         138         137   1.37560460685313     
         139         138   1.37264815026451     
         140         135   1.34839915993927     
         140         139   1.47116110824271     
         141         136  0.967894929122915     
         142         137  0.965204294266440     
         143         139  0.963478672019217     
         144         140  0.965495558317787     
         145         138   1.05054476874033     
         146         145   1.36739864630322     
         147         146   1.44871366404566     
         148         147   1.42610943238025     
         149           2  0.585858631577310     
         149         148   1.34930507808508     
         150         145   1.38834178969030     
         150         149   1.34999445355835     
         151         146  0.961217883649945     
         152         147  0.960505860676925     
         153         148  0.912008071643251     
         154         150  0.904641443320202     
