   -0.08079945
   -0.08068842
   -0.02336423
   -0.03354250
    0.04389959
   -0.01819389
   -0.01894470
   -0.03166602
    0.00285273
    0.06087709
   -0.10761727
    0.04036550
   -0.02774724
    0.01641402
    0.05770369
    0.05750102
    0.07170665
    0.11766804
    0.14214446
    0.10279113
    0.03944588
   -0.02453324
   -0.02642156
   -0.02558420
    0.03811218
   -0.03362661
    0.04110761
    0.03378647
    0.04604975
    0.07790070
   -0.00871716
   -0.03402015
    0.04932563
   -0.00580443
   -0.02829038
    0.05350840
   -0.08898772
    0.04763848
    0.08277381
    0.09118651
    0.12301368
    0.13936993
   -0.02335563
   -0.03354725
    0.04390417
   -0.01818408
   -0.01893894
   -0.03164113
    0.00285042
    0.06086963
   -0.10766086
    0.04036311
   -0.02775249
    0.01640191
    0.05769822
    0.05750631
    0.07168263
    0.11763557
    0.14216323
    0.10284714
    0.03945122
   -0.02452520
   -0.02643011
   -0.02557865
    0.03811016
   -0.03363653
    0.04109908
    0.03380504
    0.04603570
    0.07793328
   -0.00871789
   -0.03401910
    0.04932117
   -0.00580722
   -0.02830586
    0.05350277
   -0.08896383
    0.04760677
    0.08276870
    0.09117690
    0.12303990
    0.13933228
   -0.02337781
   -0.03355586
    0.04389390
   -0.01819597
   -0.01894797
   -0.03166120
    0.00288863
    0.06083464
   -0.10717018
    0.04034554
   -0.02774582
    0.01644252
    0.05768755
    0.05748744
    0.07168465
    0.11767494
    0.14216832
    0.10278002
    0.03945008
   -0.02453705
   -0.02645039
   -0.02559859
    0.03811914
   -0.03361250
    0.04109106
    0.03380962
    0.04604886
    0.07787470
   -0.00873688
   -0.03401847
    0.04932449
   -0.00582347
   -0.02830471
    0.05346910
   -0.08860819
    0.04759067
    0.08274840
    0.09117949
    0.12303441
    0.13939124
   -0.02336810
   -0.03356593
    0.04388407
   -0.01819532
   -0.01894030
   -0.03166633
    0.00289755
    0.06081687
   -0.10714412
    0.04036450
   -0.02774008
    0.01643619
    0.05769078
    0.05747267
    0.07169385
    0.11769842
    0.14213081
    0.10276091
    0.03943599
   -0.02453241
   -0.02644401
   -0.02560037
    0.03811859
   -0.03361728
    0.04107942
    0.03381298
    0.04604627
    0.07785002
   -0.00872829
   -0.03401540
    0.04933060
   -0.00581433
   -0.02830133
    0.05346864
   -0.08858960
    0.04760431
    0.08273995
    0.09118816
    0.12302276
    0.13941024
