           4           3   2.64561167314857     
           5           4   1.14040055922955     
           6           5   1.43857784331325     
           7           6   1.34735613350602     
           8           7   1.53333670209694     
           9           8   1.27127181733017     
          10           9   1.29270766129888     
          11           2  0.594167071560813     
          11          10   1.44458541794366     
          12          11   1.23925129041366     
          13          12   1.54348358911615     
          14           5   1.21675368836847     
          14           9   1.23410664482385     
          14          13   1.29352567824129     
          15           6  0.968491790154115     
          16           7  0.967647249897386     
          17           8  0.964467021686848     
          18          10  0.912254191186344     
          19          12  0.900681392132682     
          20          13  0.955237729357908     
          21           3   1.12828140065562     
          22          21   1.34344751039476     
          23          22   1.44757127022712     
          24          23   1.44689811585195     
          25          24   1.34333654832791     
          26          21   1.37124038883365     
          26          25   1.36843294222614     
          27          22  0.970637952763616     
          28          23  0.969274765348036     
          29          24  0.970141370804582     
          30          26  0.965520028895777     
          31          25   1.13019305823953     
          32          31   2.64803055711667     
          33          32   1.13807015718709     
          34          33   1.33798722544235     
          35          34   1.45592253118670     
          36          35   1.42215598870215     
          37           1  0.593150145972479     
          37          36   1.34415523820214     
          38          33   1.35060835798691     
          38          37   1.36630371862452     
          39          34  0.964505852980793     
          40          35  0.961412483438418     
          41          36  0.908483800719930     
          42          38  0.908024613997647     
          44          43   2.64562088301686     
          45          44   1.14036333285402     
          46          45   1.43866226021768     
          47          46   1.34727043687268     
          48          47   1.53337148588948     
          49          48   1.27132461761561     
          50          49   1.29279162387037     
          51           2  0.594178607139821     
          51          50   1.44449727245184     
          52          51   1.23928880863937     
          53          52   1.54335953692213     
          54          45   1.21672388307352     
          54          49   1.23395345210404     
          54          53   1.29368943807110     
          55          46  0.968484763622623     
          56          47  0.967646273523728     
          57          48  0.964455734750658     
          58          50  0.912313513233219     
          59          52  0.900606799794950     
          60          53  0.955227479311437     
          61          43   1.12829609503731     
          62          61   1.34348422929743     
          63          62   1.44753297948228     
          64          63   1.44691264872561     
          65          64   1.34333089647660     
          66          61   1.37119253994107     
          66          65   1.36844604246229     
          67          62  0.970632511041942     
          68          63  0.969278968952509     
          69          64  0.970141898149346     
          70          66  0.965520609652799     
          71          65   1.13020457093186     
          72          71   2.64801196935258     
          73          72   1.13811264720879     
          74          73   1.33792962901492     
          75          74   1.45603717602449     
          76          75   1.42200085229433     
          77           1  0.593128681818646     
          77          76   1.34426930920556     
          78          73   1.35060973238204     
          78          77   1.36624963114226     
          79          74  0.964507655371597     
          80          75  0.961422892112993     
          81          76  0.908465745664103     
          82          78  0.908061269930808     
          84          83   2.64567493390052     
          85          84   1.14032713641611     
          86          85   1.43856273443432     
          87          86   1.34739928416371     
          88          87   1.53326605715589     
          89          88   1.27137835745896     
          90          89   1.29271029850069     
          91           1  0.594592964340641     
          91          90   1.44461910384249     
          92          91   1.23924661805016     
          93          92   1.54346548176455     
          94          85   1.21683163212625     
          94          89   1.23399954701591     
          94          93   1.29357963711005     
          95          86  0.968492506678827     
          96          87  0.967650067145424     
          97          88  0.964463615081533     
          98          90  0.912286832310072     
          99          92  0.900576254045658     
         100          93  0.955241555680852     
         101          83   1.12823364831108     
         102         101   1.34350306458828     
         103         102   1.44752608581250     
         104         103   1.44693047054599     
         105         104   1.34328946185945     
         106         101   1.37122523793010     
         106         105   1.36850724715804     
         107         102  0.970639755796416     
         108         103  0.969287914445429     
         109         104  0.970148375426601     
         110         106  0.965513920217378     
         111         105   1.13017196767838     
         112         111   2.64807531102717     
         113         112   1.13808294617067     
         114         113   1.33785098557570     
         115         114   1.45609464301657     
         116         115   1.42195757501315     
         117           2  0.593509011885579     
         117         116   1.34427245515460     
         118         113   1.35069491330795     
         118         117   1.36620935545656     
         119         114  0.964512564882591     
         120         115  0.961416395300699     
         121         116  0.908378655337864     
         122         118  0.908106690360345     
         124         123   2.64568029045998     
         125         124   1.14028609692768     
         126         125   1.43867808475743     
         127         126   1.34734833744404     
         128         127   1.53331441429931     
         129         128   1.27134173529636     
         130         129   1.29270347541165     
         131           1  0.594596867959925     
         131         130   1.44455420362217     
         132         131   1.23933332899075     
         133         132   1.54344317253958     
         134         125   1.21674484702004     
         134         129   1.23406631149022     
         134         133   1.29357947162570     
         135         126  0.968489814024027     
         136         127  0.967647503706224     
         137         128  0.964458717717405     
         138         130  0.912228124092327     
         139         132  0.900639454761651     
         140         133  0.955243255669151     
         141         123   1.12829090330341     
         142         141   1.34355315225537     
         143         142   1.44749363085152     
         144         143   1.44698230451707     
         145         144   1.34321631190106     
         146         141   1.37110230535333     
         146         145   1.36858679187392     
         147         142  0.970637594234715     
         148         143  0.969283731773067     
         149         144  0.970148272220297     
         150         146  0.965522443125433     
         151         145   1.13018834043297     
         152         151   2.64809545472623     
         153         152   1.13804275899938     
         154         153   1.33785128544899     
         155         154   1.45608115860268     
         156         155   1.42198754447587     
         157           2  0.593538834002606     
         157         156   1.34426918350303     
         158         153   1.35075147477730     
         158         157   1.36618882112753     
         159         154  0.964507912799122     
         160         155  0.961416974519013     
         161         156  0.908393399191586     
         162         158  0.908084336918312     
