   -0.13953248
   -0.13950102
   -0.02160039
   -0.03300651
    0.04110369
   -0.01844498
   -0.02037770
   -0.02936221
   -0.00718037
    0.05920551
   -0.11733783
    0.04793293
   -0.02973866
    0.00343341
    0.06602787
    0.06112187
    0.06615915
    0.10375367
    0.14370843
    0.10027219
    0.03241656
   -0.02471033
   -0.02538330
    0.03319524
   -0.03513419
   -0.03415151
    0.04142015
    0.04283885
    0.07611341
    0.06842843
   -0.01724768
   -0.03878547
    0.04082158
   -0.02245757
   -0.01595729
   -0.03081914
    0.02435988
   -0.03316275
    0.05459442
   -0.12629774
    0.05960518
   -0.01616872
    0.06629633
    0.06208363
    0.06743527
    0.09371113
    0.13460147
    0.10840219
   -0.02248474
   -0.03436337
    0.04402251
   -0.01839322
   -0.01882940
   -0.03067572
    0.00546484
    0.05896075
   -0.07789351
    0.04306079
   -0.02788074
    0.01588280
    0.06215610
    0.05942371
    0.07047936
    0.11436515
    0.14747342
    0.10285711
    0.03871585
   -0.03360648
   -0.03490512
    0.03779842
   -0.02531880
   -0.02549939
    0.07011017
    0.07444119
    0.03792174
    0.03812530
   -0.01962879
   -0.03781981
    0.04433423
   -0.02245702
   -0.01614456
   -0.03165080
    0.02737307
   -0.03245798
    0.04890454
   -0.07750845
    0.05841550
   -0.00293924
    0.06315065
    0.05782168
    0.06375669
    0.09120929
    0.13627192
    0.11578082
   -0.02247454
   -0.03437380
    0.04401881
   -0.01838002
   -0.01881839
   -0.03067853
    0.00546069
    0.05898114
   -0.07791136
    0.04304975
   -0.02786410
    0.01588364
    0.06214775
    0.05940250
    0.07048080
    0.11436418
    0.14747210
    0.10283563
    0.03871224
   -0.02551377
   -0.02531347
    0.03780067
   -0.03489730
   -0.03359088
    0.03812993
    0.03792438
    0.07444311
    0.07008450
   -0.01963640
   -0.03779844
    0.04432344
   -0.02245860
   -0.01613683
   -0.03166697
    0.02737515
   -0.03245673
    0.04887504
   -0.07749788
    0.05843048
   -0.00292201
    0.06314832
    0.05779984
    0.06377136
    0.09122859
    0.13626590
    0.11577245
   -0.02160914
   -0.03300188
    0.04111136
   -0.01844189
   -0.02037800
   -0.02936792
   -0.00721234
    0.05920661
   -0.11732739
    0.04794884
   -0.02973700
    0.00340191
    0.06603227
    0.06111183
    0.06615459
    0.10375182
    0.14373773
    0.10025321
    0.03241184
   -0.02470355
   -0.02539985
    0.03319770
   -0.03512616
   -0.03417357
    0.04142811
    0.04285026
    0.07610405
    0.06843954
   -0.01724778
   -0.03876827
    0.04081830
   -0.02244048
   -0.01594467
   -0.03081677
    0.02437717
   -0.03315788
    0.05459961
   -0.12627753
    0.05961205
   -0.01616028
    0.06627200
    0.06206671
    0.06743124
    0.09368984
    0.13458462
    0.10840168
