           4           3   2.63120145055587     
           5           4   1.14384319363299     
           6           5   1.43480239378298     
           7           6   1.35183713864709     
           8           7   1.52830240195426     
           9           8   1.27523286494566     
          10           9   1.27981185118975     
          11           2  0.538910544902461     
          11          10   1.46344904704182     
          12          11   1.21556142507983     
          13          12   1.54504163255992     
          14           5   1.21564000775516     
          14           9   1.23975407721197     
          14          13   1.28355448855063     
          15           6  0.967372244088382     
          16           7  0.967261684805995     
          17           8  0.965308693055826     
          18          10  0.934760255802379     
          19          12  0.878806884706721     
          20          13  0.953969694199673     
          21           3   1.14070519688574     
          22          21   1.33900739482523     
          23          22   1.48366459557352     
          24          23   1.33499438107983     
          25          24   1.33781826521221     
          26          21   1.33549783707967     
          26          25   1.48353916081252     
          27          22  0.969131454254688     
          28          23  0.969242040392608     
          29          25  0.964880689127126     
          30          26  0.965667569655465     
          31          24   1.14104763325845     
          32          31   2.62270221258979     
          33          32   1.14909992434557     
          34          33   1.43327720554109     
          35          34   1.35817470187062     
          36          35   1.51115598325881     
          37          36   1.29898321534317     
          38          37   1.26580012354240     
          39          38   1.56039987169258     
          40           1  0.552695389095312     
          40          39   1.22884354478986     
          41          40   1.44113048714675     
          42          33   1.20334631057158     
          42          37   1.23063046694482     
          42          41   1.31415983560498     
          43          34  0.966971515038781     
          44          35  0.966994748288713     
          45          36  0.964982576736886     
          46          38  0.958919099165081     
          47          39  0.879732687596019     
          48          41  0.930424170100246     
          50          49   2.63208087969077     
          51          50   1.14407460255675     
          52          51   1.43529624725610     
          53          52   1.35128761067694     
          54          53   1.52821151305211     
          55          54   1.27551561721509     
          56          55   1.28093724960288     
          57           1  0.632014833823781     
          57          56   1.45780110330594     
          58          57   1.22471520872663     
          59          58   1.55111800017144     
          60          51   1.21521663183137     
          60          55   1.23761665451067     
          60          59   1.28816457156203     
          61          52  0.967927726313446     
          62          53  0.967473516099602     
          63          54  0.964777186077856     
          64          56  0.926782804966524     
          65          58  0.874229045054644     
          66          59  0.953963988238791     
          67          49   1.14048909222738     
          68          67   1.33484901927517     
          69          68   1.48657520738039     
          70          69   1.33667290125444     
          71          70   1.33489951165849     
          72          67   1.33937068485677     
          72          71   1.48400636092978     
          73          68  0.965735411996455     
          74          69  0.965212077797539     
          75          71  0.969703028666935     
          76          72  0.969529271298485     
          77          70   1.14271547403286     
          78          77   2.62423560778920     
          79          78   1.15013755478341     
          80          79   1.43377029236149     
          81          80   1.35757066203248     
          82          81   1.51257649469541     
          83          82   1.29736181112946     
          84          83   1.26747883949333     
          85          84   1.55993113977667     
          86           2  0.621791509351683     
          86          85   1.23410274705132     
          87          86   1.43785539825167     
          88          79   1.20216020411029     
          88          83   1.23117689677991     
          88          87   1.31322049786137     
          89          80  0.967428932881804     
          90          81  0.967589873266741     
          91          82  0.965502819130313     
          92          84  0.959458291733321     
          93          85  0.881894290035637     
          94          87  0.923692591807834     
          96          95   2.63206943424053     
          97          96   1.14402346890073     
          98          97   1.43524872449288     
          99          98   1.35140581452885     
         100          99   1.52812778082542     
         101         100   1.27553472542252     
         102         101   1.28086129131335     
         103           2  0.632035250889055     
         103         102   1.45794922476034     
         104         103   1.22449996243923     
         105         104   1.55134910891578     
         106          97   1.21527400508098     
         106         101   1.23768024334880     
         106         105   1.28802607617123     
         107          98  0.967920527916259     
         108          99  0.967465936777390     
         109         100  0.964779985667863     
         110         102  0.926775970443509     
         111         104  0.874226698806199     
         112         105  0.953950117492413     
         113          95   1.14055937311286     
         114         113   1.33932852100078     
         115         114   1.48397729520117     
         116         115   1.33500150725534     
         117         116   1.33662172971126     
         118         113   1.33481812174506     
         118         117   1.48664853300898     
         119         114  0.969538898017743     
         120         115  0.969698087167941     
         121         117  0.965205611433104     
         122         118  0.965728939884619     
         123         116   1.14263002177827     
         124         123   2.62424686461215     
         125         124   1.15022052013266     
         126         125   1.43363579708251     
         127         126   1.35768294825177     
         128         127   1.51255057137642     
         129         128   1.29728153763754     
         130         129   1.26747276266102     
         131         130   1.55997122419454     
         132           1  0.621790490854661     
         132         131   1.23400704607880     
         133         132   1.43796962580011     
         134         125   1.20214861509965     
         134         129   1.23127152803463     
         134         133   1.31315754534813     
         135         126  0.967430021320902     
         136         127  0.967580256132259     
         137         128  0.965512524687742     
         138         130  0.959463178774159     
         139         131  0.881915504505213     
         140         133  0.923681038845820     
         142         141   2.63123508861860     
         143         142   1.14384978511532     
         144         143   1.43478231528200     
         145         144   1.35186655739247     
         146         145   1.52827358004700     
         147         146   1.27524937244917     
         148         147   1.27981816387164     
         149           1  0.538838017282763     
         149         148   1.46346613357078     
         150         149   1.21556382981263     
         151         150   1.54502702864461     
         152         143   1.21565695760565     
         152         147   1.23971954544786     
         152         151   1.28354669788425     
         153         144  0.967369842994507     
         154         145  0.967260105569650     
         155         146  0.965315526770303     
         156         148  0.934756392873049     
         157         150  0.878819874748056     
         158         151  0.953971021507296     
         159         141   1.14063206011791     
         160         159   1.33911546052084     
         161         160   1.48362148186567     
         162         161   1.33498199616010     
         163         162   1.33798910397417     
         164         159   1.33550872658158     
         164         163   1.48342959534896     
         165         160  0.969126507721254     
         166         161  0.969250988801294     
         167         163  0.964872049988599     
         168         164  0.965678147292270     
         169         162   1.14092867225060     
         170         169   2.62284031208710     
         171         170   1.14906881848495     
         172         171   1.43323650661696     
         173         172   1.35831799080522     
         174         173   1.51099522346707     
         175         174   1.29909928078931     
         176         175   1.26576194827314     
         177         176   1.56044547209529     
         178           2  0.552728028447395     
         178         177   1.22883007515175     
         179         178   1.44113359956228     
         180         171   1.20335061890429     
         180         175   1.23058741155902     
         180         179   1.31418597660990     
         181         172  0.966958901272317     
         182         173  0.966992226187611     
         183         174  0.964982968079551     
         184         176  0.958915309317802     
         185         177  0.879749865732523     
         186         179  0.930424992195337     
