   -0.08689220
   -0.08357735
   -0.02308715
   -0.03355895
    0.04395046
   -0.01821683
   -0.01885558
   -0.03173981
    0.00285578
    0.05955672
   -0.10337882
    0.04087586
   -0.02768421
    0.01694610
    0.05747769
    0.05744800
    0.07174751
    0.11463509
    0.14696223
    0.10391940
    0.03953246
   -0.02463944
   -0.02643368
   -0.02539446
    0.03803250
   -0.03386739
    0.04136357
    0.03364884
    0.04551903
    0.07822733
   -0.00931267
   -0.03438053
    0.04924972
   -0.00588044
   -0.02825905
    0.05370885
   -0.08236150
    0.04647202
    0.08249048
    0.09058918
    0.12783128
    0.13510705
   -0.02404352
   -0.03370950
    0.04364061
   -0.01819528
   -0.01909569
   -0.03136472
    0.00360302
    0.06061222
   -0.10131630
    0.04052778
   -0.02792786
    0.01567360
    0.05778305
    0.05698762
    0.07107969
    0.11731783
    0.14180299
    0.10019391
    0.03924271
   -0.02431473
   -0.02644598
   -0.02586855
    0.03822725
   -0.03321000
    0.04067959
    0.03427526
    0.04713494
    0.07667767
   -0.00797954
   -0.03321537
    0.04945852
   -0.00584721
   -0.02843847
    0.05425649
   -0.09358825
    0.04879612
    0.08349605
    0.09284523
    0.12365893
    0.14029797
   -0.02369723
   -0.03355496
    0.04382271
   -0.01810497
   -0.01898280
   -0.03161441
    0.00284449
    0.06228704
   -0.11208287
    0.03987404
   -0.02769247
    0.01600540
    0.05784664
    0.05765857
    0.07194713
    0.12143573
    0.13815408
    0.10123335
    0.03938981
   -0.02434943
   -0.02642244
   -0.02565222
    0.03816448
   -0.03321809
    0.04106348
    0.03409484
    0.04662277
    0.07683983
   -0.00839193
   -0.03383522
    0.04930226
   -0.00569919
   -0.02830041
    0.05283154
   -0.09216238
    0.04840833
    0.08275510
    0.09129766
    0.11911969
    0.14347437
   -0.02403078
   -0.03369150
    0.04365085
   -0.01820721
   -0.01909190
   -0.03134835
    0.00356837
    0.06067609
   -0.10184797
    0.04054173
   -0.02794261
    0.01564943
    0.05783176
    0.05701487
    0.07108901
    0.11730876
    0.14176354
    0.10027811
    0.03924679
   -0.02428414
   -0.02642335
   -0.02584471
    0.03820988
   -0.03322196
    0.04067582
    0.03428622
    0.04712834
    0.07674798
   -0.00794729
   -0.03321459
    0.04942320
   -0.00583359
   -0.02845616
    0.05429026
   -0.09403378
    0.04878036
    0.08348451
    0.09282456
    0.12362906
    0.14027290
