           4           3   2.64544016174207     
           5           4   1.14051227048964     
           6           5   1.43699931670927     
           7           6   1.34817373986937     
           8           7   1.53248874837251     
           9           8   1.27177538455166     
          10           9   1.29215977886034     
          11           2  0.598806853493546     
          11          10   1.44616319293198     
          12          11   1.23801269680940     
          13          12   1.54382577697133     
          14           5   1.21794670869472     
          14           9   1.23383653797055     
          14          13   1.29310998213554     
          15           6  0.968505988545615     
          16           7  0.967595515115970     
          17           8  0.964416380039590     
          18          10  0.914563475634617     
          19          12  0.896683217887036     
          20          13  0.955230373778495     
          21           3   1.12846918464512     
          22          21   1.34230375169016     
          23          22   1.44832173748527     
          24          23   1.44615470342354     
          25          24   1.34460105078356     
          26          21   1.37218822243621     
          26          25   1.36711857495750     
          27          22  0.970608600470943     
          28          23  0.969318255774834     
          29          24  0.970193031539964     
          30          26  0.965479346428349     
          31          25   1.13030383989981     
          32          31   2.64848697943187     
          33          32   1.13810327127804     
          34          33   1.34008247254727     
          35          34   1.45464502452931     
          36          35   1.42329204852738     
          37           1  0.598238683113520     
          37          36   1.34241407644026     
          38          33   1.34836050720736     
          38          37   1.36888561179273     
          39          34  0.964551500969241     
          40          35  0.961606517862903     
          41          36  0.905744682365261     
          42          38  0.909825886770265     
          44          43   2.64563559834565     
          45          44   1.14020023007870     
          46          45   1.44000980886068     
          47          46   1.34778817399816     
          48          47   1.53259490198222     
          49          48   1.27279772653149     
          50          49   1.28739066859684     
          51           1  0.594646028022624     
          51          50   1.45238547751602     
          52          51   1.23382340781153     
          53          52   1.54888996069337     
          54          45   1.21567774111780     
          54          49   1.23730276186504     
          54          53   1.29002720856994     
          55          46  0.968472453784653     
          56          47  0.967792210774905     
          57          48  0.964634163167919     
          58          50  0.919302761747920     
          59          52  0.891398045429033     
          60          53  0.955146398946271     
          61          43   1.12825448229068     
          62          61   1.34536081199536     
          63          62   1.44626504791714     
          64          63   1.44817433056038     
          65          64   1.34117706324103     
          66          61   1.36936136698076     
          66          65   1.37063084083979     
          67          62  0.970680973136282     
          68          63  0.969227215042450     
          69          64  0.970028290353305     
          70          66  0.965609954573382     
          71          65   1.13008063843270     
          72          71   2.64709454426865     
          73          72   1.13816166342389     
          74          73   1.33911378295493     
          75          74   1.45287578444612     
          76          75   1.42582945826675     
          77           2  0.591531112525657     
          77          76   1.33911888635944     
          78          73   1.34853165358558     
          78          77   1.37069286213044     
          79          74  0.964346818561144     
          80          75  0.960927460793161     
          81          76  0.900341612163939     
          82          78  0.915150202078896     
          84          83   2.64558506054624     
          85          84   1.14066499398938     
          86          85   1.44006154905348     
          87          86   1.34644508315436     
          88          87   1.53426995037157     
          89          88   1.27058666264634     
          90          89   1.29365796393088     
          91           1  0.589583669206736     
          91          90   1.44259994881943     
          92          91   1.24181816288104     
          93          92   1.54215163069372     
          94          85   1.21521107793479     
          94          89   1.23407894723611     
          94          93   1.29480610561281     
          95          86  0.968487658505442     
          96          87  0.967680309234752     
          97          88  0.964458546786774     
          98          90  0.908894047921736     
          99          92  0.905012510132655     
         100          93  0.955296416359957     
         101          83   1.12853197694853     
         102         101   1.34426281017113     
         103         102   1.44698378672650     
         104         103   1.44750198242239     
         105         104   1.34222785812380     
         106         101   1.37020103844074     
         106         105   1.36935029826213     
         107         102  0.970638800101244     
         108         103  0.969265384763159     
         109         104  0.970087628883980     
         110         106  0.965613830082588     
         111         105   1.13041817850916     
         112         111   2.64765752921295     
         113         112   1.13825217266150     
         114         113   1.33603192321559     
         115         114   1.45758591978050     
         116         115   1.42038565340103     
         117           2  0.589616013867655     
         117         116   1.34687984790152     
         118         113   1.35230084131730     
         118         117   1.36416441674765     
         119         114  0.964459539726989     
         120         115  0.961326274788984     
         121         116  0.911884551219667     
         122         118  0.905201722365256     
         124         123   2.64555179103376     
         125         124   1.14029222959968     
         126         125   1.43993595354517     
         127         126   1.34773892158888     
         128         127   1.53264029734852     
         129         128   1.27280136212664     
         130         129   1.28743540515184     
         131           1  0.594206005971538     
         131         130   1.45230664246262     
         132         131   1.23391723730130     
         133         132   1.54876089663062     
         134         125   1.21569686055383     
         134         129   1.23722107937793     
         134         133   1.29011000940691     
         135         126  0.968482624984844     
         136         127  0.967792845811833     
         137         128  0.964630489261945     
         138         130  0.919324707924312     
         139         132  0.891413185951593     
         140         133  0.955139818021089     
         141         123   1.12827110045319     
         142         141   1.34530045133093     
         143         142   1.44627958000060     
         144         143   1.44818956669457     
         145         144   1.34112413006258     
         146         141   1.36941832435475     
         146         145   1.37052528178778     
         147         142  0.970668747290417     
         148         143  0.969214707508703     
         149         144  0.970021616992035     
         150         146  0.965614909754211     
         151         145   1.13021233586354     
         152         151   2.64705566395715     
         153         152   1.13819209657009     
         154         153   1.33899298713219     
         155         154   1.45310904630071     
         156         155   1.42555918295283     
         157           2  0.591059482407715     
         157         156   1.33934222102833     
         158         153   1.34857778303618     
         158         157   1.37053741201423     
         159         154  0.964339362595894     
         160         155  0.960933994822488     
         161         156  0.900440920333777     
         162         158  0.915143228300201     
