   -0.08504763
   -0.03427058
   -0.01919468
   -0.03199969
    0.04343539
   -0.02052956
   -0.01573928
   -0.02941557
    0.02945254
   -0.02949700
    0.04698412
   -0.07453847
    0.05667109
   -0.00318018
    0.06289857
    0.05385956
    0.06024637
    0.08649512
    0.13393957
    0.12472965
    0.04074697
   -0.02045649
   -0.02436444
   -0.02489493
    0.00066972
   -0.03805954
    0.04631454
    0.04226004
    0.05765327
    0.08370533
    0.03166708
   -0.02890812
    0.06035956
   -0.08857584
    0.05161189
   -0.03866999
    0.09020628
    0.11713810
    0.15200616
    0.11369294
   -0.01635813
   -0.03183179
    0.04540718
   -0.02118543
   -0.01494286
   -0.03014571
    0.02646034
   -0.03203557
    0.04796814
   -0.11268599
    0.06205506
   -0.00640425
    0.06303248
    0.05593078
    0.06361474
    0.09080772
    0.12720384
    0.12827605
    0.04146393
   -0.02054475
   -0.02428092
   -0.02353775
    0.00067280
   -0.03979397
    0.04778831
    0.04185478
    0.05625302
    0.08642578
    0.02785365
   -0.03930831
    0.05425541
   -0.11712905
    0.05906095
   -0.03038800
    0.11392217
    0.13611569
    0.13300073
    0.09609162
   -0.01678177
   -0.03125329
    0.04433420
   -0.02072551
   -0.01517044
   -0.03003348
    0.02785361
   -0.03194741
    0.04673117
   -0.12569844
    0.06450539
   -0.00738358
    0.06511405
    0.05616491
    0.06186821
    0.08701049
    0.11184892
    0.13085721
    0.04118746
   -0.01874007
   -0.02373677
   -0.02393537
   -0.00382784
   -0.03702407
    0.05057085
    0.04857988
    0.06473830
    0.08840796
    0.02505338
   -0.02709054
    0.07739024
   -0.24817877
    0.06257288
   -0.04013009
    0.10512104
    0.13260468
    0.13996536
    0.12119738
   -0.01602643
   -0.03081300
    0.04497510
   -0.02107996
   -0.01507510
   -0.02976388
    0.02642424
   -0.03157857
    0.04802357
   -0.10339422
    0.05999520
   -0.00604000
    0.06408772
    0.05636151
    0.06314867
    0.09016244
    0.12667186
    0.13225516
    0.04063685
   -0.02069048
   -0.02428379
   -0.02273797
   -0.00380808
   -0.03999603
    0.05080033
    0.04482026
    0.05745655
    0.08143459
    0.01996520
   -0.03320178
    0.05877795
   -0.13718218
    0.05346679
   -0.04089036
    0.09448477
    0.13254116
    0.13827953
    0.11542773
