           4           3   2.64271106682507     
           5           4   1.14134991469445     
           6           5   1.44867488800195     
           7           6   1.34571475517036     
           8           7   1.52463439917721     
           9           8   1.28875352600534     
          10           9   1.27867396670942     
          11          10   1.54308551243581     
          12           2  0.630910524132248     
          12          11   1.25390647207144     
          13          12   1.41783660453519     
          14           5   1.19781360015478     
          14           9   1.22920142660887     
          14          13   1.32210589846064     
          15           6  0.967595933450243     
          16           7  0.968192871182998     
          17           8  0.965996101038939     
          18          10  0.960795018901949     
          19          11  0.909319690914050     
          20          13  0.894534959296064     
          21           3   1.12762332921594     
          22          21   1.34142258630759     
          23          22   1.45156639803977     
          24          23   1.44114551938963     
          25          24   1.36747563991852     
          26          21   1.37224667733840     
          26          25   1.38920589118846     
          27          22  0.970092964620505     
          28          23  0.968668140524023     
          29          24  0.965648661247191     
          30          26  0.960974554731922     
          31          25   1.06807328326668     
          32          31   1.37255198931370     
          33          32   1.45415940120767     
          34           1  0.631931532421606     
          34          33   1.34769172338607     
          35          34   1.31855326583112     
          36          31   1.35640977903712     
          36          35   1.47551947072178     
          37          32  0.959330116568678     
          38          33  0.920892510547718     
          39          35  0.892043396899371     
          40          36  0.953838550187837     
          42          41   2.63656352277629     
          43          42   1.14338206382369     
          44          43   1.43777682167967     
          45          44   1.35464692348216     
          46          45   1.51424189036484     
          47          46   1.29751486604317     
          48          47   1.26621436930203     
          49          48   1.56374691159534     
          50           1  0.583080990008750     
          50          49   1.23169642352330     
          51          50   1.44020741700062     
          52          43   1.20467287234674     
          52          47   1.23115368519207     
          52          51   1.31296428689970     
          53          44  0.967266664742226     
          54          45  0.967731200330480     
          55          46  0.965347396622522     
          56          48  0.959167196644754     
          57          49  0.888634862823180     
          58          51  0.922847683136836     
          59          41   1.12917126171184     
          60          59   1.34310894603276     
          61          60   1.45132121452869     
          62          61   1.44090681178041     
          63          62   1.36830986200601     
          64          59   1.36928310177416     
          64          63   1.38824036307576     
          65          60  0.969963185773237     
          66          61  0.968926236873068     
          67          62  0.966118396936234     
          68          64  0.960440494663732     
          69          63   1.06836460077903     
          70          69   1.35523084393998     
          71          70   1.47015784459031     
          72           2  0.609378492543866     
          72          71   1.31382502805715     
          73          72   1.32815082065574     
          74          69   1.36909114451287     
          74          73   1.45874329362734     
          75          70  0.954004646008892     
          76          71  0.900833028000490     
          77          73  0.911419181197036     
          78          74  0.957500815429937     
          80          79   2.64166505869018     
          81          80   1.14153758262875     
          82          81   1.44803404797349     
          83          82   1.34720277635439     
          84          83   1.52257084445181     
          85          84   1.29071925298439     
          86          85   1.27617523618874     
          87          86   1.54987447182745     
          88           1  0.563114467081954     
          88          87   1.25307253693437     
          89          88   1.42782219024428     
          90          81   1.19849309197539     
          90          85   1.22985068542821     
          90          89   1.32183348606477     
          91          82  0.967230470021378     
          92          83  0.967910095391724     
          93          84  0.965727383358401     
          94          86  0.960424216539356     
          95          87  0.917968248069919     
          96          89  0.904496287071316     
          97          79   1.12706309692056     
          98          97   1.34340222241386     
          99          98   1.44865576716788     
         100          99   1.44416833238322     
         101         100   1.36254958117577     
         102          97   1.37215959335486     
         102         101   1.38566704406419     
         103          98  0.969689661381877     
         104          99  0.968016863004183     
         105         100  0.964723154248086     
         106         102  0.959969898401719     
         107         101   1.07431846012628     
         108         107   1.36290742183114     
         109         108   1.46722521351560     
         110           2  0.544267801629603     
         110         109   1.31829393603900     
         111         110   1.30654338841869     
         112         107   1.35297749822216     
         112         111   1.47909165427169     
         113         108  0.956128355782962     
         114         109  0.911900037851476     
         115         111  0.901659700272422     
         116         112  0.951421556299553     
         118         117   2.63797700107497     
         119         118   1.14118088646560     
         120         119   1.43676670180383     
         121         120   1.35512534103482     
         122         121   1.51443280059390     
         123         122   1.29747097058833     
         124         123   1.26601392625284     
         125         124   1.56464700283099     
         126           1  0.592665262929178     
         126         125   1.23197789278417     
         127         126   1.44259109431403     
         128         119   1.20789221882397     
         128         123   1.23182947146722     
         128         127   1.31020573297301     
         129         120  0.967155667119898     
         130         121  0.967585306091536     
         131         122  0.965414356450622     
         132         124  0.959383925994926     
         133         125  0.885269006522147     
         134         127  0.923368201440242     
         135         117   1.12813704292108     
         136         135   1.34133916952439     
         137         136   1.45199718817162     
         138         137   1.44040500119511     
         139         138   1.36914291843629     
         140         135   1.37225904929439     
         140         139   1.38620490577443     
         141         136  0.969636130219534     
         142         137  0.968565439287215     
         143         138  0.965792177884095     
         144         140  0.960924164013804     
         145         139   1.06885276931242     
         146         145   1.36863066191776     
         147         146   1.45720481579991     
         148           2  0.563712787545061     
         148         147   1.32769972442423     
         149         148   1.31208969275855     
         150         145   1.35344802467791     
         150         149   1.46730098000833     
         151         146  0.957213096548907     
         152         147  0.914172268567748     
         153         149  0.901643437224847     
         154         150  0.953549509567703     
