   -0.07046970
   -0.03939184
   -0.02191710
   -0.03051894
    0.04386567
   -0.01663076
   -0.01836189
   -0.02927702
    0.00504611
    0.06537387
   -0.10701502
    0.03341426
   -0.03079820
    0.01152544
    0.06167031
    0.05733947
    0.07041308
    0.12291630
    0.13061068
    0.10468492
    0.03984991
   -0.02301979
   -0.02512906
   -0.02904433
   -0.00241410
   -0.03999345
    0.04599265
    0.04302010
    0.05560401
    0.08214002
    0.00878909
   -0.00191281
   -0.02734910
    0.05372395
   -0.10755734
    0.04825890
    0.08781639
    0.09997691
    0.12006040
    0.14577490
   -0.02193621
   -0.03051536
    0.04385323
   -0.01666026
   -0.01839005
   -0.02930798
    0.00497980
    0.06520050
   -0.10654768
    0.03346428
   -0.03083813
    0.01149444
    0.06163793
    0.05732818
    0.07038964
    0.12295550
    0.13027424
    0.10462364
    0.03987358
   -0.02301265
   -0.02512205
   -0.02902220
   -0.00237282
   -0.04001159
    0.04597784
    0.04296620
    0.05561910
    0.08220669
    0.00880167
   -0.00192877
   -0.02733773
    0.05364005
   -0.10811323
    0.04836138
    0.08790345
    0.10007878
    0.12047347
    0.14602304
   -0.02199137
   -0.03057721
    0.04385919
   -0.01664542
   -0.01838043
   -0.02927858
    0.00520486
    0.06527003
   -0.10574346
    0.03321502
   -0.03075318
    0.01160618
    0.06157883
    0.05729283
    0.07036520
    0.12306308
    0.13092271
    0.10447637
    0.03983088
   -0.02304393
   -0.02513613
   -0.02910963
   -0.00242390
   -0.03991594
    0.04598705
    0.04304649
    0.05570278
    0.08191008
    0.00873268
   -0.00192422
   -0.02736947
    0.05371372
   -0.10669689
    0.04803929
    0.08774809
    0.09990422
    0.12005350
    0.14569398
   -0.02200165
   -0.03052980
    0.04378764
   -0.01671614
   -0.01844126
   -0.02932790
    0.00500206
    0.06486414
   -0.10496796
    0.03328299
   -0.03098572
    0.01150330
    0.06157379
    0.05722523
    0.07023442
    0.12284727
    0.13040697
    0.10450270
    0.03984850
   -0.02304261
   -0.02512724
   -0.02906970
   -0.00232138
   -0.04001360
    0.04588029
    0.04287952
    0.05553108
    0.08234006
    0.00887643
   -0.00198828
   -0.02736714
    0.05350448
   -0.10738689
    0.04835146
    0.08778925
    0.09998029
    0.12055747
    0.14621390
