           4           3   2.64505042208079     
           5           4   1.13516043620677     
           6           5   1.44660072096650     
           7           6   1.34482190950147     
           8           7   1.53427696319745     
           9           8   1.27313011972519     
          10           9   1.28348778445063     
          11           1  0.594415961090574     
          11          10   1.45731939435349     
          12          11   1.22498030844916     
          13          12   1.55422454521641     
          14           5   1.21412960014638     
          14           9   1.23916580780965     
          14          13   1.28597217858309     
          15           6  0.967919049868415     
          16           7  0.967908319594559     
          17           8  0.964843147886277     
          18          10  0.923283565055590     
          19          12  0.894203208835159     
          20          13  0.952783681047561     
          21           3   1.12540210374734     
          22          21   1.35475456796067     
          23          22   1.44764060972348     
          24          23   1.44336273815577     
          25          24   1.37125616409426     
          26          21   1.36043910915220     
          26          25   1.40714749804518     
          27          22  0.970029992567492     
          28          23  0.968570350882554     
          29          24  0.966356554200778     
          30          26  0.963218077775840     
          31          25   1.04429245813998     
          32          31   1.37465905978352     
          33          32   1.44084972797029     
          34          33   1.43555515765416     
          35           2  0.590265998937065     
          35          34   1.34077997413601     
          36          31   1.38671828369939     
          36          35   1.35988509382031     
          37          32  0.961115059412269     
          38          33  0.959687226839650     
          39          34  0.907721667395599     
          40          36  0.917318020306172     
          42          41   2.64488426341811     
          43          42   1.13524165142105     
          44          43   1.44664492037598     
          45          44   1.34472515370510     
          46          45   1.53440629511449     
          47          46   1.27301725840412     
          48          47   1.28374336561543     
          49           1  0.594612459871382     
          49          48   1.45686443802148     
          50          49   1.22551516467608     
          51          50   1.55398038368196     
          52          43   1.21405381544134     
          52          47   1.23907638619123     
          52          51   1.28609262970001     
          53          44  0.967924245932698     
          54          45  0.967906194271346     
          55          46  0.964831195678125     
          56          48  0.922892786836654     
          57          50  0.895321286693648     
          58          51  0.952808693335775     
          59          41   1.12545153877307     
          60          59   1.35456781679352     
          61          60   1.44776273805667     
          62          61   1.44325591751891     
          63          62   1.37131777834561     
          64          59   1.36061096465306     
          64          63   1.40692807037745     
          65          60  0.970037565013980     
          66          61  0.968571085727142     
          67          62  0.966340238451318     
          68          64  0.963200703512731     
          69          63   1.04445134068354     
          70          69   1.37479935225700     
          71          70   1.44058744010732     
          72          71   1.43584712199992     
          73           2  0.590241612216098     
          73          72   1.34025889289376     
          74          69   1.38638175653537     
          74          73   1.36013231621399     
          75          70  0.961086868552066     
          76          71  0.959660742273238     
          77          72  0.906988165748123     
          78          74  0.917425316825108     
          80          79   2.64483453094663     
          81          80   1.13536031047781     
          82          81   1.44651013652979     
          83          82   1.34491674000491     
          84          83   1.53414567013995     
          85          84   1.27329275122429     
          86          85   1.28322494269842     
          87           1  0.595651098176239     
          87          86   1.45780277812763     
          88          87   1.22502157052932     
          89          88   1.55444046784860     
          90          81   1.21402991211852     
          90          85   1.23925643780871     
          90          89   1.28592849966020     
          91          82  0.967935493224781     
          92          83  0.967926634351101     
          93          84  0.964845071520465     
          94          86  0.923396950993883     
          95          88  0.893711175224150     
          96          89  0.952771949009885     
          97          79   1.12562848587921     
          98          97   1.35477460078274     
          99          98   1.44769877408110     
         100          99   1.44329842038881     
         101         100   1.37127346931508     
         102          97   1.36012929771532     
         102         101   1.40748603687699     
         103          98  0.970037890430310     
         104          99  0.968567026717348     
         105         100  0.966379263319835     
         106         102  0.963257429687833     
         107         101   1.04394432522895     
         108         107   1.37463070277392     
         109         108   1.44105177118120     
         110         109   1.43527215537624     
         111           2  0.590640709147846     
         111         110   1.34110964128352     
         112         107   1.38707310003899     
         112         111   1.35963282754717     
         113         108  0.961145460258487     
         114         109  0.959701900398251     
         115         110  0.907873295691597     
         116         112  0.917409351732404     
         118         117   2.64499485011158     
         119         118   1.13505389767958     
         120         119   1.44701538231813     
         121         120   1.34443546744075     
         122         121   1.53469970334693     
         123         122   1.27287371961295     
         124         123   1.28361612847520     
         125           1  0.595098699848207     
         125         124   1.45703056875721     
         126         125   1.22543519372183     
         127         126   1.55383045420883     
         128         119   1.21389688144140     
         128         123   1.23928500402159     
         128         127   1.28609066000528     
         129         120  0.967939337784237     
         130         121  0.967926135624159     
         131         122  0.964849748155092     
         132         124  0.923070051454169     
         133         126  0.895333173121504     
         134         127  0.952834298288985     
         135         117   1.12521863271519     
         136         135   1.35467625440565     
         137         136   1.44764119779794     
         138         137   1.44341155700839     
         139         138   1.37116711161106     
         140         135   1.36070283459566     
         140         139   1.40701016169779     
         141         136  0.970045454445710     
         142         137  0.968566672323411     
         143         138  0.966343155868115     
         144         140  0.963192865777010     
         145         139   1.04448303802768     
         146         145   1.37484073348949     
         147         146   1.44055015897261     
         148         147   1.43593947685848     
         149           2  0.590612450501179     
         149         148   1.34024028326123     
         150         145   1.38626421424105     
         150         149   1.36041351699328     
         151         146  0.961098604226897     
         152         147  0.959674103286714     
         153         148  0.906727056711848     
         154         150  0.917532122824431     
