   -0.09772670
   -0.09323218
   -0.02045414
   -0.03561877
    0.04310131
   -0.02194023
   -0.01629925
   -0.03112668
    0.02759868
   -0.03234346
    0.04474741
   -0.08240862
    0.05884930
   -0.00399163
    0.06556425
    0.05847644
    0.06365231
    0.09020368
    0.12976903
    0.11569595
    0.03890034
   -0.03339607
   -0.03277141
    0.03740496
   -0.02426172
   -0.02463421
    0.06355110
    0.07230069
    0.04803667
    0.04355715
   -0.00772939
   -0.03324089
    0.04815171
   -0.00631645
   -0.02809579
    0.05303860
   -0.08212531
    0.04726648
    0.08941012
    0.09357826
    0.11731081
    0.14195000
   -0.01791632
   -0.03495863
    0.04426000
   -0.02239780
   -0.01594738
   -0.03116296
    0.02633396
   -0.03304413
    0.04589450
   -0.09955428
    0.06073972
   -0.00462995
    0.06605480
    0.05947935
    0.06471418
    0.09176810
    0.12199521
    0.12315967
    0.03919138
   -0.03306513
   -0.03025249
    0.03600303
   -0.02544451
   -0.02617024
    0.06820780
    0.06454406
    0.04958212
    0.04743830
   -0.00728150
   -0.03590770
    0.04793198
   -0.00572402
   -0.02822436
    0.05387910
   -0.09177634
    0.04760636
    0.09030979
    0.09374022
    0.12150314
    0.12570423
   -0.01902474
   -0.03545554
    0.04347730
   -0.02232138
   -0.01631677
   -0.03135484
    0.02677478
   -0.03336691
    0.04306055
   -0.10260507
    0.06234044
   -0.00483617
    0.06515011
    0.05851484
    0.06341358
    0.08929634
    0.11393691
    0.12610484
    0.03989149
   -0.02523632
   -0.02428360
    0.03685141
   -0.03353481
   -0.03464951
    0.04297071
    0.04628622
    0.07525098
    0.07525010
   -0.00749321
   -0.03586894
    0.04792436
   -0.00523509
   -0.02838120
    0.05654617
   -0.11281631
    0.04556416
    0.09011061
    0.09477005
    0.12575564
    0.12310564
   -0.01865315
   -0.03542174
    0.04417184
   -0.02238806
   -0.01615312
   -0.03135062
    0.02627096
   -0.03336608
    0.04577894
   -0.09898676
    0.06130108
   -0.00408692
    0.06472398
    0.05901400
    0.06462634
    0.09165283
    0.12195690
    0.12185956
    0.04010418
   -0.03441963
   -0.03256931
    0.03692895
   -0.02437085
   -0.02534566
    0.07584551
    0.07271751
    0.04574987
    0.04282714
   -0.00846220
   -0.03655616
    0.04792526
   -0.00594332
   -0.02840333
    0.05303472
   -0.08884881
    0.04603871
    0.08871752
    0.09294404
    0.12119840
    0.12938502
