           4           3   2.62896710036878     
           5           4   1.14637456894634     
           6           5   1.44278693917478     
           7           6   1.35094724279611     
           8           7   1.51920880638734     
           9           8   1.29272058414242     
          10           9   1.27241573820331     
          11          10   1.55384649030393     
          12           2  0.611035709711662     
          12          11   1.24449713509193     
          13          12   1.43171586254419     
          14           5   1.19841587550240     
          14           9   1.23119435322458     
          14          13   1.31843894618530     
          15           6  0.967203630680347     
          16           7  0.967648075933642     
          17           8  0.965563416177518     
          18          10  0.959882509051902     
          19          11  0.900657021431878     
          20          13  0.912303931354961     
          21           3   1.13971780765151     
          22          21   1.33667592729374     
          23          22   1.48606125430201     
          24          23   1.33601405078809     
          25          24   1.33982656510888     
          26          21   1.33939027430260     
          26          25   1.48140034113887     
          27          22  0.966344418648770     
          28          23  0.965148684175842     
          29          25  0.968682204784032     
          30          26  0.969167434262846     
          31          24   1.13953088305110     
          32          31   2.63911258846057     
          33          32   1.13871074451922     
          34          33   1.33348847323359     
          35          34   1.46030487556884     
          36          35   1.41665294103527     
          37           1  0.610975044439039     
          37          36   1.34890793051238     
          38          33   1.35334454659418     
          38          37   1.35741625631364     
          39          34  0.963252757200716     
          40          35  0.960908609273084     
          41          36  0.915871116577418     
          42          38  0.898735148510711     
          44          43   2.62860320270598     
          45          44   1.14116025777834     
          46          45   1.44001266612626     
          47          46   1.35355096894071     
          48          47   1.51611747109493     
          49          48   1.29654595589524     
          50          49   1.26780938454009     
          51          50   1.56222599246383     
          52           1  0.594520776268992     
          52          51   1.23600858938049     
          53          52   1.44028680646342     
          54          45   1.20562496534714     
          54          49   1.23142017092235     
          54          53   1.31216385615038     
          55          46  0.967000462976223     
          56          47  0.967284642015295     
          57          48  0.965271541573853     
          58          50  0.959276632974068     
          59          51  0.892236219472253     
          60          53  0.921283497129855     
          61          43   1.13439443093152     
          62          61   1.34030038466698     
          63          62   1.48237129107263     
          64          63   1.33784542153832     
          65          64   1.34198728937783     
          66          61   1.34226169798952     
          66          65   1.47912091893844     
          67          62  0.965939710978938     
          68          63  0.965936404534394     
          69          65  0.968449798270437     
          70          66  0.968722517069390     
          71          64   1.13685400270262     
          72          71   2.63757316079925     
          73          72   1.13652486617437     
          74          73   1.33362638896396     
          75          74   1.46274652183450     
          76          75   1.41333950855133     
          77           2  0.590579040090765     
          77          76   1.35372812064292     
          78          73   1.35521444911382     
          78          77   1.35394896959320     
          79          74  0.963071379415907     
          80          75  0.961047006449404     
          81          76  0.922763715493819     
          82          78  0.895414655118921     
          84          83   2.62668630278877     
          85          84   1.14811802318752     
          86          85   1.43933439506619     
          87          86   1.35267652457904     
          88          87   1.51795889977108     
          89          88   1.29294365181183     
          90          89   1.27395403496547     
          91          90   1.55274219363011     
          92           1  0.585601995858117     
          92          91   1.24919437344956     
          93          92   1.42998106075806     
          94          85   1.19979363565765     
          94          89   1.23003821497569     
          94          93   1.32017748143682     
          95          86  0.967215572308901     
          96          87  0.967536485838310     
          97          88  0.965517742578341     
          98          90  0.960004612414672     
          99          91  0.911766207276826     
         100          93  0.908064316723217     
         101          83   1.14143261428744     
         102         101   1.33615006206214     
         103         102   1.48314454087144     
         104         103   1.33905500625602     
         105         104   1.33383811039022     
         106         101   1.33761987690033     
         106         105   1.48598466996530     
         107         102  0.969245775964839     
         108         103  0.968780933863079     
         109         105  0.965280072367793     
         110         106  0.964893974857378     
         111         104   1.14157055990020     
         112         111   2.63539345499789     
         113         112   1.14125861587076     
         114         113   1.33662546435367     
         115         114   1.45709921491687     
         116         115   1.42083791858286     
         117           2  0.578629662505677     
         117         116   1.34172919584755     
         118         113   1.34707137262060     
         118         117   1.36430099596410     
         119         114  0.963210991206375     
         120         115  0.960820256308535     
         121         116  0.911315253832527     
         122         118  0.909678267629693     
         124         123   2.62567231066000     
         125         124   1.14775521446773     
         126         125   1.43445330822125     
         127         126   1.35678601578061     
         128         127   1.51348418325731     
         129         128   1.29695764052167     
         130         129   1.26734045652392     
         131         130   1.56277961883071     
         132           1  0.592703211325926     
         132         131   1.23611543129171     
         133         132   1.44091253745000     
         134         125   1.20421769663862     
         134         129   1.23181651179479     
         134         133   1.31305858048259     
         135         126  0.967168139980013     
         136         127  0.967373401069114     
         137         128  0.965288834580379     
         138         130  0.959311305775222     
         139         131  0.890458258376605     
         140         133  0.922975929649256     
         141         123   1.14143493265772     
         142         141   1.33652913676522     
         143         142   1.48697854779341     
         144         143   1.33196694309020     
         145         144   1.34104561393224     
         146         141   1.33729741648720     
         146         145   1.48201652278719     
         147         142  0.964868929954191     
         148         143  0.965574033551332     
         149         145  0.968872898712456     
         150         146  0.969350105141673     
         151         144   1.14155654008685     
         152         151   2.63574296489528     
         153         152   1.14068761305548     
         154         153   1.33259493769507     
         155         154   1.46304100484148     
         156         155   1.41320786339655     
         157           2  0.593891878859233     
         157         156   1.35228812986975     
         158         153   1.35135752268036     
         158         157   1.35640162557364     
         159         154  0.963326600861114     
         160         155  0.961221055927456     
         161         156  0.922357386459740     
         162         158  0.895238888995246     
