   -0.09246719
   -0.09020109
   -0.02350683
   -0.03640094
    0.04372892
   -0.01917437
   -0.01933214
   -0.03285771
    0.00319021
    0.05776886
   -0.09850813
    0.04100809
   -0.02759657
    0.01796074
    0.05714728
    0.05802636
    0.07176814
    0.11551831
    0.13977707
    0.09906519
    0.03758458
   -0.02876145
   -0.03274749
    0.01518059
   -0.03237417
   -0.02948241
    0.03650110
   -0.03825328
    0.01080109
   -0.03872563
    0.03762340
    0.03076091
    0.03168667
    0.04268379
    0.07578506
    0.06906153
   -0.00940577
   -0.03697811
    0.04907927
   -0.00669807
   -0.02878192
    0.05212520
   -0.08167951
    0.04666066
    0.08260830
    0.09116832
    0.12654616
    0.13134671
   -0.02416189
   -0.03640364
    0.04353110
   -0.01913314
   -0.01950886
   -0.03252883
    0.00373287
    0.05858648
   -0.09616998
    0.04060941
   -0.02785007
    0.01692338
    0.05728855
    0.05762250
    0.07127828
    0.11753811
    0.13695019
    0.09674105
    0.03740873
   -0.02852231
   -0.03273501
    0.01517674
   -0.03234475
   -0.02985548
    0.03663866
   -0.03769080
    0.01075968
   -0.03870527
    0.03727465
    0.03090383
    0.03218583
    0.04357575
    0.07615015
    0.06743354
   -0.00848417
   -0.03632037
    0.04925937
   -0.00674108
   -0.02895096
    0.05228025
   -0.08899109
    0.04841502
    0.08313619
    0.09267311
    0.12336189
    0.13467302
   -0.02392960
   -0.03631602
    0.04361394
   -0.01909614
   -0.01944908
   -0.03279208
    0.00316676
    0.05962212
   -0.10299253
    0.03988792
   -0.02770388
    0.01717180
    0.05732807
    0.05807660
    0.07182127
    0.12088006
    0.13365889
    0.09734355
    0.03749432
   -0.02858047
   -0.03271960
    0.01520752
   -0.03234942
   -0.02969473
    0.03656944
   -0.03780236
    0.01077928
   -0.03859736
    0.03754833
    0.03088782
    0.03203514
    0.04322512
    0.07599198
    0.06778561
   -0.00874362
   -0.03676904
    0.04912949
   -0.00658639
   -0.02878774
    0.05131609
   -0.08802719
    0.04826012
    0.08270953
    0.09168210
    0.11977340
    0.13726387
   -0.02412404
   -0.03637876
    0.04354633
   -0.01912811
   -0.01951591
   -0.03250732
    0.00367875
    0.05869622
   -0.09728452
    0.04064722
   -0.02787517
    0.01687118
    0.05734627
    0.05767150
    0.07129122
    0.11749929
    0.13688049
    0.09683884
    0.03739596
   -0.02851997
   -0.03271842
    0.01516982
   -0.03232713
   -0.02984534
    0.03661928
   -0.03768822
    0.01075415
   -0.03869335
    0.03729482
    0.03088992
    0.03218079
    0.04358491
    0.07620480
    0.06748648
   -0.00842799
   -0.03631495
    0.04924818
   -0.00671357
   -0.02895568
    0.05237481
   -0.08994596
    0.04847163
    0.08320836
    0.09268879
    0.12330221
    0.13458895
