           4           3   2.63787024469636     
           5           4   1.14364366205972     
           6           5   1.43508646649080     
           7           6   1.34961497162507     
           8           7   1.53118909646927     
           9           8   1.27217649766181     
          10           9   1.29200525673990     
          11           2  0.597294742230842     
          11          10   1.44594123206767     
          12          11   1.24060184221485     
          13          12   1.54245518666853     
          14           5   1.21626037318307     
          14           9   1.23361505289824     
          14          13   1.29449214242541     
          15           6  0.968557625682264     
          16           7  0.967534729491148     
          17           8  0.964443454697810     
          18          10  0.914584025381151     
          19          12  0.898834097866948     
          20          13  0.956127912274946     
          21           3   1.13463617902536     
          22          21   1.24452292227023     
          23          22   1.57460290435221     
          24          23   1.27470312141962     
          25          24   1.27554772385684     
          26          25   1.57336921001983     
          27          26   1.24563824086617     
          28          27   1.45059741189717     
          29          24   1.23737161987977     
          29          28   1.29254816320257     
          30          21   1.45510739810715     
          30          29   1.28983180406660     
          31          22  0.970251257721464     
          32          23  0.967475557300736     
          33          25  0.967442805089155     
          34          26  0.969812439223201     
          35          28  0.963422198653998     
          36          30  0.964384499210339     
          37          27   1.13676320435174     
          38          37   2.64016976016925     
          39          38   1.14151937410053     
          40          39   1.33768481124597     
          41          40   1.45615972983365     
          42          41   1.42211246552469     
          43           1  0.598365212079609     
          43          42   1.34161374368022     
          44          39   1.34610028787650     
          44          43   1.36978019584472     
          45          40  0.964542585530912     
          46          41  0.961477770205475     
          47          42  0.906460590836573     
          48          44  0.910462573489063     
          50          49   2.63806735193602     
          51          50   1.14327929660247     
          52          51   1.43756687118925     
          53          52   1.34910387698142     
          54          53   1.53144836150568     
          55          54   1.27287204777174     
          56          55   1.28828328957634     
          57           1  0.596127332881418     
          57          56   1.45081273914025     
          58          57   1.23726017329669     
          59          58   1.54634051679874     
          60          51   1.21447687573093     
          60          55   1.23635878566946     
          60          59   1.29215924529509     
          61          52  0.968546014343759     
          62          53  0.967702041830384     
          63          54  0.964613314467859     
          64          56  0.918187568245556     
          65          58  0.894408715402102     
          66          59  0.955945764061194     
          67          49   1.13441839160042     
          68          67   1.24691464072198     
          69          68   1.57326248269300     
          70          69   1.27555767649206     
          71          70   1.27469701687187     
          72          71   1.57472257718048     
          73          72   1.24268451610623     
          74          73   1.45350366865613     
          75          70   1.23745336949743     
          75          74   1.29102840742356     
          76          67   1.45293252282556     
          76          75   1.29119746380288     
          77          68  0.970297908648129     
          78          69  0.967516976180866     
          79          71  0.967276527127527     
          80          72  0.969703301980954     
          81          74  0.963405565979084     
          82          76  0.964512388988173     
          83          73   1.13675092891623     
          84          83   2.63902748127184     
          85          84   1.14181187901772     
          86          85   1.33656930480338     
          87          86   1.45533177230269     
          88          87   1.42348007291410     
          89           2  0.593708212768349     
          89          88   1.33954450533334     
          90          85   1.34632397107727     
          90          89   1.37098134204036     
          91          86  0.964422938239445     
          92          87  0.961006474025576     
          93          88  0.902878829199467     
          94          90  0.914278342490905     
          96          95   2.63808941302000     
          97          96   1.14351762557516     
          98          97   1.43785857021810     
          99          98   1.34797450655121     
         100          99   1.53287985127337     
         101         100   1.27098732694922     
         102         101   1.29313278817021     
         103           1  0.592365198844820     
         103         102   1.44318580393195     
         104         103   1.24384935434140     
         105         104   1.54094365770858     
         106          97   1.21394547475723     
         106         101   1.23404007809445     
         106         105   1.29589009855316     
         107          98  0.968550988948526     
         108          99  0.967617119775940     
         109         100  0.964500736619513     
         110         102  0.909727604872431     
         111         104  0.905503956235753     
         112         105  0.956089728630876     
         113          95   1.13466887528844     
         114         113   1.24601156222154     
         115         114   1.57384634836710     
         116         115   1.27522588571527     
         117         116   1.27505774902833     
         118         117   1.57413837541203     
         119         118   1.24385561003584     
         120         119   1.45225251830239     
         121         116   1.23732187315048     
         121         120   1.29172189698891     
         122         113   1.45358263698610     
         122         121   1.29072237174508     
         123         114  0.970277571323553     
         124         115  0.967501714069319     
         125         117  0.967342025756869     
         126         118  0.969739181283307     
         127         120  0.963413346145492     
         128         122  0.964485779453731     
         129         119   1.13683004142764     
         130         129   2.63957904115150     
         131         130   1.14170838190196     
         132         131   1.33419283243283     
         133         132   1.45891700878578     
         134         133   1.41937325235261     
         135           2  0.592669534706084     
         135         134   1.34548579843555     
         136         131   1.34937530487236     
         136         135   1.36576895429976     
         137         132  0.964483477275387     
         138         133  0.961255093149404     
         139         134  0.911725995788038     
         140         136  0.906400010284150     
         142         141   2.63824214637325     
         143         142   1.14319667934399     
         144         143   1.43754448174779     
         145         144   1.34905535276861     
         146         145   1.53146986048155     
         147         146   1.27288084860042     
         148         147   1.28833600080565     
         149           1  0.595107406883484     
         149         148   1.45072570745609     
         150         149   1.23724143510733     
         151         150   1.54639154289606     
         152         143   1.21461675561634     
         152         147   1.23633306147427     
         152         151   1.29204291406664     
         153         144  0.968550478282094     
         154         145  0.967707303487540     
         155         146  0.964609599597906     
         156         148  0.918250098723541     
         157         150  0.894456714288700     
         158         151  0.955931427194923     
         159         141   1.13431049968012     
         160         159   1.24690051619242     
         161         160   1.57326175506135     
         162         161   1.27558007630565     
         163         162   1.27470937880047     
         164         163   1.57473578080820     
         165         164   1.24268420791209     
         166         165   1.45341195754885     
         167         162   1.23737752407854     
         167         166   1.29115351488051     
         168         159   1.45302593958565     
         168         167   1.29116415926878     
         169         160  0.970298279549652     
         170         161  0.967511443045375     
         171         163  0.967269947477340     
         172         164  0.969703663303192     
         173         166  0.963391682359884     
         174         168  0.964497985828457     
         175         165   1.13678224026803     
         176         175   2.63903284241896     
         177         176   1.14175995885914     
         178         177   1.33667913193724     
         179         178   1.45521845311225     
         180         179   1.42356612301229     
         181           2  0.592849302118184     
         181         180   1.33953806061629     
         182         177   1.34630093778845     
         182         181   1.37092783094897     
         183         178  0.964414622052450     
         184         179  0.961015259969873     
         185         180  0.903072105924285     
         186         182  0.914203169627499     
