   -0.05989117
    0.03004115
   -0.01479061
   -0.03076577
    0.04549803
   -0.02047958
   -0.01452400
   -0.02951152
    0.02801919
   -0.03131769
    0.04623164
   -0.12105475
    0.06418951
   -0.00689154
    0.06700774
    0.05714817
    0.06222753
    0.08768013
    0.10719878
    0.13339586
    0.04203773
   -0.01754077
   -0.02259361
   -0.02164993
   -0.00451484
   -0.03655604
    0.05156680
    0.04926272
    0.06770725
    0.08892696
    0.02254065
   -0.02454957
    0.08510844
   -0.29895284
    0.05953151
   -0.03777045
    0.11616451
    0.14510095
    0.14036756
    0.12517281
   -0.01442050
   -0.03003178
    0.04591816
   -0.02095335
   -0.01460037
   -0.02924433
    0.02616335
   -0.03124768
    0.04261652
   -0.09986407
    0.06161373
   -0.00306221
    0.06505610
    0.05682580
    0.06187524
    0.08715028
    0.11737570
    0.14049217
    0.03979675
   -0.02056990
   -0.02365748
   -0.02105727
   -0.00499313
   -0.04273755
    0.05211022
    0.04545024
    0.05731740
    0.07931196
    0.01660790
   -0.03216733
    0.05575773
   -0.10849613
    0.05118275
   -0.03911755
    0.09497684
    0.13290032
    0.14006729
    0.11326712
   -0.01442059
   -0.03030121
    0.04525079
   -0.02117055
   -0.01425520
   -0.02894218
    0.02714217
   -0.03110309
    0.04318943
   -0.08838941
    0.05748370
   -0.00511669
    0.06647179
    0.05665619
    0.06192256
    0.08654620
    0.11083526
    0.13688012
    0.03956631
   -0.02213770
   -0.02392678
   -0.02198065
   -0.00230743
   -0.04302208
    0.05564716
    0.04424849
    0.05406097
    0.07730464
    0.02197744
   -0.03826875
    0.05533213
   -0.11026420
    0.05675315
   -0.03197171
    0.10812368
    0.13531762
    0.12330547
    0.09428465
   -0.01559761
   -0.03122021
    0.04615496
   -0.01979150
   -0.01411294
   -0.02939597
    0.02826888
   -0.03074162
    0.04593585
   -0.11936667
    0.06247049
   -0.00814014
    0.06665873
    0.05752206
    0.06396234
    0.09033357
    0.11384568
    0.13281221
    0.04053969
   -0.01859615
   -0.02376840
   -0.02462547
   -0.00259000
   -0.03597734
    0.05464196
    0.05373145
    0.07065761
    0.08148177
    0.02622373
   -0.02565545
    0.08184218
   -0.25599534
    0.05991947
   -0.03807380
    0.11038810
    0.14110482
    0.13092784
    0.12711965
