           4           3   2.63998632673092     
           5           4   1.14316737621562     
           6           5   1.44268729397768     
           7           6   1.35122159784662     
           8           7   1.51809665646096     
           9           8   1.29431417444909     
          10           9   1.27172344448464     
          11          10   1.55674479342621     
          12           1  0.580968887271311     
          12          11   1.24382462888680     
          13          12   1.43184082393104     
          14           5   1.20150801811848     
          14           9   1.23010095763328     
          14          13   1.31781750795364     
          15           6  0.966892785614318     
          16           7  0.967712599986685     
          17           8  0.965638795844443     
          18          10  0.960125344541606     
          19          11  0.911961498944994     
          20          13  0.914239877001844     
          21           3   1.12854708806817     
          22          21   1.34252851941983     
          23          22   1.44940456602131     
          24          23   1.44309281851099     
          25          24   1.36298126432347     
          26          21   1.37125207796588     
          26          25   1.38570133921411     
          27          22  0.969606893532539     
          28          23  0.967933738012921     
          29          24  0.964890281181164     
          30          26  0.960556979172395     
          31          25   1.07221027890253     
          32          31   1.35644535074637     
          33          32   1.47440470087454     
          34           2  0.558105388498170     
          34          33   1.29670524612341     
          35          34   1.29842048929784     
          36          31   1.35493868326072     
          36          35   1.47461281816386     
          37          32  0.953424061271281     
          38          33  0.899298298780886     
          39          35  0.913198943124517     
          40          36  0.950430977870100     
          42          41   2.63617905169348     
          43          42   1.13680035763596     
          44          43   1.43209432020153     
          45          44   1.35799086500839     
          46          45   1.51196684899781     
          47          46   1.29943446753629     
          48          47   1.26602702061629     
          49          48   1.56560157559851     
          50           1  0.594631926106280     
          50          49   1.23226343241720     
          51          50   1.44588907753065     
          52          43   1.21435665186745     
          52          47   1.22977734318787     
          52          51   1.30740720564315     
          53          44  0.966860220150018     
          54          45  0.967218252389595     
          55          46  0.965385128119984     
          56          48  0.959860563830858     
          57          49  0.887294513275035     
          58          51  0.923950484652595     
          59          41   1.12621918700646     
          60          59   1.33726499032554     
          61          60   1.45404076505112     
          62          61   1.43813029727021     
          63          62   1.37317193116160     
          64          59   1.37766426980133     
          64          63   1.38189413845691     
          65          60  0.969442261487472     
          66          61  0.968345540688757     
          67          62  0.965887154767650     
          68          64  0.960257304254971     
          69          63   1.06767531267172     
          70          69   1.37041253386383     
          71          70   1.44955925746741     
          72           2  0.561387054515921     
          72          71   1.33092886177544     
          73          72   1.30614655132845     
          74          69   1.34675338091182     
          74          73   1.46560631362254     
          75          70  0.955719595951829     
          76          71  0.918467551719625     
          77          73  0.900671109492709     
          78          74  0.953148755520666     
          80          79   2.63947960118238     
          81          80   1.12963935619542     
          82          81   1.44476743685823     
          83          82   1.34933960750446     
          84          83   1.51975975151647     
          85          84   1.29504425635558     
          86          85   1.27279585574809     
          87          86   1.55475273699920     
          88           1  0.609681518210111     
          88          87   1.24079095183232     
          89          88   1.43205840599742     
          90          81   1.21084309649617     
          90          85   1.22816314827326     
          90          89   1.31437736203127     
          91          82  0.966821766920348     
          92          83  0.967335009050143     
          93          84  0.965450852350800     
          94          86  0.960164843729525     
          95          87  0.909141587116578     
          96          89  0.919012953575439     
          97          79   1.11780068720861     
          98          97   1.35286159061685     
          99          98   1.44679263386335     
         100          99   1.44402593162668     
         101         100   1.37102864511341     
         102          97   1.37179142875116     
         102         101   1.38346833495484     
         103          98  0.969079776330957     
         104          99  0.968844378640092     
         105         100  0.966559870805709     
         106         102  0.960046840039342     
         107         101   1.06776079051057     
         108         107   1.34255890519124     
         109         108   1.45788807066815     
         110           2  0.544658825166307     
         110         109   1.29510534163438     
         111         110   1.33247483296015     
         112         107   1.37005979146553     
         112         111   1.44930168461667     
         113         108  0.953357193248478     
         114         109  0.904543044155392     
         115         111  0.928324086329153     
         116         112  0.956141065411034     
         118         117   2.64263620492990     
         119         118   1.13545185934436     
         120         119   1.45251998510310     
         121         120   1.34670328485401     
         122         121   1.52112948670741     
         123         122   1.29447040701147     
         124         123   1.26973288010877     
         125         124   1.55886090735341     
         126           1  0.591977393069968     
         126         125   1.23666635675813     
         127         126   1.43179994068170     
         128         119   1.20024082665930     
         128         123   1.23097338551435     
         128         127   1.31618462718979     
         129         120  0.966992021747574     
         130         121  0.967799545984506     
         131         122  0.965446805446170     
         132         124  0.959608703879599     
         133         125  0.906191451108148     
         134         127  0.915625964407542     
         135         117   1.11951425070980     
         136         135   1.35257922260780     
         137         136   1.44273858041378     
         138         137   1.44956988853400     
         139         138   1.35902889673999     
         140         135   1.37201240805782     
         140         139   1.38203432815521     
         141         136  0.969183524318218     
         142         137  0.967679198658064     
         143         138  0.963339838700147     
         144         140  0.959924103826965     
         145         139   1.08006471459986     
         146         145   1.36037486047302     
         147         146   1.46601349685752     
         148           2  0.576798056618037     
         148         147   1.30401725921351     
         149         148   1.29021015758694     
         150         145   1.34527156237421     
         150         149   1.48384711173083     
         151         146  0.954000426368683     
         152         147  0.907469939412547     
         153         149  0.904869747815446     
         154         150  0.948118792322001     
