   -0.08582611
   -0.08578841
   -0.02215596
   -0.03436895
    0.04349041
   -0.01866423
   -0.01910561
   -0.03125942
    0.00176985
    0.06075336
   -0.11211395
    0.04177135
   -0.02920814
    0.01385377
    0.06170804
    0.05930285
    0.07060741
    0.11672003
    0.12915558
    0.10397411
    0.03848014
   -0.02545395
   -0.02524738
    0.03750158
   -0.03379466
   -0.03445864
    0.03834489
    0.03785485
    0.06957559
    0.07274678
   -0.02011739
   -0.03770969
    0.04357330
   -0.02287717
   -0.01660306
   -0.03217715
    0.02696696
   -0.03343264
    0.04379507
   -0.08813936
    0.05961477
   -0.00393964
    0.06247810
    0.05633886
    0.06210173
    0.08864392
    0.12184064
    0.12086032
   -0.02217953
   -0.03442527
    0.04355116
   -0.01878036
   -0.01922246
   -0.03147368
    0.00166122
    0.06036785
   -0.11141625
    0.04109781
   -0.02948937
    0.01419075
    0.06148709
    0.05934327
    0.07074592
    0.11673865
    0.13103235
    0.10441489
    0.03853044
   -0.02573070
   -0.02541063
    0.03739002
   -0.03402157
   -0.03492830
    0.03777726
    0.03722946
    0.07116370
    0.07368642
   -0.02025963
   -0.03809199
    0.04360560
   -0.02296594
   -0.01666444
   -0.03228346
    0.02692091
   -0.03345719
    0.04375175
   -0.08832901
    0.05999937
   -0.00380346
    0.06207329
    0.05622826
    0.06208202
    0.08867729
    0.12144357
    0.12055840
   -0.02219161
   -0.03441905
    0.04356124
   -0.01877821
   -0.01922115
   -0.03147484
    0.00166508
    0.06038345
   -0.11139374
    0.04109180
   -0.02948563
    0.01418185
    0.06148514
    0.05933587
    0.07073450
    0.11672741
    0.13102606
    0.10442310
    0.03854537
   -0.03494211
   -0.03403935
    0.03738984
   -0.02542484
   -0.02572919
    0.07371422
    0.07117797
    0.03724439
    0.03777174
   -0.02025579
   -0.03810680
    0.04360409
   -0.02295174
   -0.01666807
   -0.03229469
    0.02693022
   -0.03345721
    0.04377206
   -0.08836555
    0.05998699
   -0.00380003
    0.06207087
    0.05622811
    0.06209013
    0.08867250
    0.12143493
    0.12056550
   -0.02215777
   -0.03438290
    0.04349194
   -0.01866887
   -0.01910296
   -0.03126039
    0.00177953
    0.06075708
   -0.11214850
    0.04179657
   -0.02920969
    0.01385677
    0.06172373
    0.05928707
    0.07061251
    0.11670508
    0.12915515
    0.10396405
    0.03846936
   -0.03444520
   -0.03379024
    0.03749702
   -0.02523833
   -0.02546523
    0.07271987
    0.06957850
    0.03785810
    0.03836312
   -0.02012525
   -0.03771054
    0.04358169
   -0.02288659
   -0.01660712
   -0.03217035
    0.02696789
   -0.03342799
    0.04376741
   -0.08812619
    0.05961896
   -0.00393041
    0.06249708
    0.05633427
    0.06210689
    0.08864212
    0.12184597
    0.12086373
