           4           3   2.63209673908009     
           5           4   1.14464342638020     
           6           5   1.43472244464900     
           7           6   1.34989176311814     
           8           7   1.53045657274509     
           9           8   1.27264743891505     
          10           9   1.29024414363160     
          11           2  0.590124022281186     
          11          10   1.44542363693340     
          12          11   1.23473239099498     
          13          12   1.54524091298273     
          14           5   1.21542150462254     
          14           9   1.23416250770180     
          14          13   1.29234343487868     
          15           6  0.967975187342914     
          16           7  0.967453935327666     
          17           8  0.964648114464322     
          18          10  0.915438420677037     
          19          12  0.901251494898885     
          20          13  0.954627955251474     
          21           3   1.14082296984181     
          22          21   1.33842802739473     
          23          22   1.48392490816962     
          24          23   1.33627556881224     
          25          24   1.33608167865238     
          26          21   1.33573606816381     
          26          25   1.48642472283232     
          27          22  0.969545551827596     
          28          23  0.969687928780345     
          29          25  0.965802971657788     
          30          26  0.965474284567318     
          31          24   1.14193458377022     
          32          31   2.62488241444362     
          33          32   1.14903891784198     
          34          33   1.43839173023663     
          35          34   1.35414067448667     
          36          35   1.51628906346125     
          37          36   1.29453158224439     
          38          37   1.27133093687574     
          39          38   1.55586960885770     
          40           1  0.602897923042190     
          40          39   1.24448087543200     
          41          40   1.43228282890577     
          42          33   1.19926112719236     
          42          37   1.23074804150580     
          42          41   1.31865357273656     
          43          34  0.967540783223437     
          44          35  0.967838031455824     
          45          36  0.965697042513750     
          46          38  0.960071136344727     
          47          39  0.903548375861813     
          48          41  0.912849169432563     
          50          49   2.63282078500443     
          51          50   1.14223784508496     
          52          51   1.43732249338304     
          53          52   1.34831102700507     
          54          53   1.53204222438499     
          55          54   1.27199612018696     
          56          55   1.29097777397647     
          57           2  0.589707360682304     
          57          56   1.44439349528743     
          58          57   1.23629783656283     
          59          58   1.54419959250713     
          60          51   1.21546496026728     
          60          55   1.23411415792094     
          60          59   1.29271512482272     
          61          52  0.968003596741570     
          62          53  0.967433744308623     
          63          54  0.964603703934318     
          64          56  0.914389532066140     
          65          58  0.902511610519778     
          66          59  0.954656692763536     
          67          49   1.13850435172635     
          68          67   1.33981292551079     
          69          68   1.48352499475167     
          70          69   1.33559181139327     
          71          70   1.33680831022763     
          72          67   1.33643066741913     
          72          71   1.48586252434789     
          73          68  0.969575395308768     
          74          69  0.969713123865916     
          75          71  0.965538387647022     
          76          72  0.965443542805358     
          77          70   1.14245545391706     
          78          77   2.62470312017612     
          79          78   1.14999578446632     
          80          79   1.43730988568484     
          81          80   1.35477685422977     
          82          81   1.51576598571031     
          83          82   1.29473058828194     
          84          83   1.27146918085364     
          85          84   1.55563890766142     
          86           1  0.602605195142237     
          86          85   1.24474575946508     
          87          86   1.43200025041320     
          88          79   1.19930266168477     
          88          83   1.23043767069430     
          88          87   1.31894588358089     
          89          80  0.967617611938030     
          90          81  0.967863284274924     
          91          82  0.965705525655933     
          92          84  0.960079242783673     
          93          85  0.904075004200459     
          94          87  0.912257753223695     
          96          95   2.63275725590265     
          97          96   1.14232696839568     
          98          97   1.43726795192118     
          99          98   1.34838124113297     
         100          99   1.53196391231382     
         101         100   1.27203254370790     
         102         101   1.29098263379377     
         103           1  0.589747397189434     
         103         102   1.44444337540031     
         104         103   1.23623410150540     
         105         104   1.54424729102300     
         106          97   1.21542771633363     
         106         101   1.23408824106786     
         106         105   1.29272206833772     
         107          98  0.968000991736206     
         108          99  0.967433338915287     
         109         100  0.964605739278413     
         110         102  0.914385368613541     
         111         104  0.902515510959162     
         112         105  0.954651443013193     
         113          95   1.13846379610368     
         114         113   1.33644100565360     
         115         114   1.48585400594692     
         116         115   1.33678676827627     
         117         116   1.33563732287831     
         118         113   1.33988350674443     
         118         117   1.48343152552147     
         119         114  0.965445192457867     
         120         115  0.965547720350254     
         121         117  0.969721018674465     
         122         118  0.969572609812970     
         123         116   1.14246831264106     
         124         123   2.62474726683470     
         125         124   1.14991357100950     
         126         125   1.43737184817716     
         127         126   1.35480694593065     
         128         127   1.51570294450454     
         129         128   1.29476792226038     
         130         129   1.27145236569849     
         131         130   1.55558988045153     
         132           2  0.602561080946854     
         132         131   1.24484224605638     
         133         132   1.43191215688616     
         134         125   1.19929599597860     
         134         129   1.23044989220527     
         134         133   1.31897520207220     
         135         126  0.967609437812531     
         136         127  0.967866538375425     
         137         128  0.965714076591571     
         138         130  0.960077579618140     
         139         131  0.904084121124480     
         140         133  0.912258764676533     
         142         141   2.63207652883362     
         143         142   1.14461114953435     
         144         143   1.43468909370467     
         145         144   1.34990550244618     
         146         145   1.53046046316404     
         147         146   1.27264147404958     
         148         147   1.29026632062936     
         149           1  0.590083444331067     
         149         148   1.44540688312141     
         150         149   1.23473627104127     
         151         150   1.54529198881901     
         152         143   1.21550332718795     
         152         147   1.23416453133912     
         152         151   1.29225492731898     
         153         144  0.967979479831457     
         154         145  0.967452686677677     
         155         146  0.964645928028959     
         156         148  0.915442421830238     
         157         150  0.901243191059910     
         158         151  0.954632005928107     
         159         141   1.14087915947974     
         160         159   1.33577810811840     
         161         160   1.48640332514328     
         162         161   1.33614244719571     
         163         162   1.33627454811162     
         164         159   1.33830884972900     
         164         163   1.48401687700884     
         165         160  0.965470947828548     
         166         161  0.965800258871406     
         167         163  0.969677016776852     
         168         164  0.969549517633398     
         169         162   1.14181901438674     
         170         169   2.62500567370180     
         171         170   1.14894982577979     
         172         171   1.43838173531877     
         173         172   1.35415150953131     
         174         173   1.51625410243314     
         175         174   1.29459850790540     
         176         175   1.27128679984537     
         177         176   1.55596368164876     
         178           2  0.602959003233097     
         178         177   1.24435830909075     
         179         178   1.43236178456510     
         180         171   1.19938096479518     
         180         175   1.23070904098378     
         180         179   1.31858807890797     
         181         172  0.967545543473946     
         182         173  0.967839308576571     
         183         174  0.965694376306746     
         184         176  0.960065316098921     
         185         177  0.903574108668442     
         186         179  0.912832854690421     
