   -0.08098069
   -0.08098284
   -0.01412827
   -0.04257633
    0.04289585
   -0.02327221
   -0.01618160
   -0.03204574
    0.02621390
   -0.03271077
    0.04300297
   -0.09127472
    0.05766606
   -0.00932915
    0.06696108
    0.05836925
    0.06183215
    0.08673106
    0.11854868
    0.12091734
    0.02294669
   -0.03269258
   -0.04749088
    0.04858616
   -0.12458059
    0.05311591
   -0.04826517
   -0.03276429
   -0.01809190
   -0.03407699
   -0.02339231
   -0.02282460
   -0.03070951
    0.04761994
    0.03899980
    0.19638287
    0.04272025
    0.05043272
    0.06982189
    0.07356996
    0.01300239
   -0.00777899
   -0.03024904
    0.05100162
   -0.08992543
    0.04212348
    0.08267332
    0.09179817
    0.12138503
    0.12201950
   -0.01748537
   -0.04314058
    0.04499841
   -0.02372168
   -0.01637450
   -0.03246367
    0.02800367
   -0.03352450
    0.04232496
   -0.09288295
    0.05811444
   -0.00637534
    0.06849901
    0.05913873
    0.06183692
    0.08753353
    0.11158872
    0.11672641
    0.02246698
   -0.03374515
   -0.05092083
    0.05352894
   -0.12567250
    0.05876918
   -0.04981539
   -0.03272271
   -0.01557804
   -0.03731020
   -0.01986500
   -0.02015094
   -0.03254130
    0.04114072
    0.03634178
    0.20327074
    0.04356549
    0.05017303
    0.06749265
    0.06896694
    0.01300468
   -0.00744609
   -0.02999637
    0.04923260
   -0.09542110
    0.04513315
    0.08243749
    0.09333742
    0.11967720
    0.12386672
   -0.01748921
   -0.04315069
    0.04499124
   -0.02371662
   -0.01637760
   -0.03246300
    0.02800953
   -0.03352287
    0.04231196
   -0.09289719
    0.05812687
   -0.00636960
    0.06849181
    0.05913402
    0.06184878
    0.08753888
    0.11161958
    0.11675965
    0.02246085
   -0.03373738
   -0.05093038
    0.05351105
   -0.12563318
    0.05876274
   -0.04982477
   -0.03273107
   -0.01558231
   -0.03730336
   -0.01987702
   -0.02015034
   -0.03255466
    0.04112161
    0.03635980
    0.20329380
    0.04355708
    0.05016322
    0.06749537
    0.06898131
    0.01300372
   -0.00743252
   -0.02997360
    0.04921985
   -0.09547484
    0.04514308
    0.08241881
    0.09332394
    0.11968888
    0.12385436
   -0.01413924
   -0.04257149
    0.04290176
   -0.02326551
   -0.01618975
   -0.03204317
    0.02620205
   -0.03270422
    0.04301791
   -0.09131103
    0.05764581
   -0.00932041
    0.06696687
    0.05838519
    0.06182962
    0.08673631
    0.11853765
    0.12093888
    0.02294047
   -0.03270786
   -0.04748214
    0.04857477
   -0.12452226
    0.05311690
   -0.04827963
   -0.03278098
   -0.01811646
   -0.03408876
   -0.02341522
   -0.02282598
   -0.03071191
    0.04763152
    0.03898668
    0.19637990
    0.04271637
    0.05045981
    0.06983772
    0.07357594
    0.01300578
   -0.00776772
   -0.03023317
    0.05099116
   -0.08993239
    0.04213606
    0.08267040
    0.09178128
    0.12140523
    0.12200794
