           4           3   2.63188464493009     
           5           4   1.13372361019757     
           6           5   1.45066962155644     
           7           6   1.34750437650731     
           8           7   1.52191609061210     
           9           8   1.29324895032349     
          10           9   1.27308776574119     
          11          10   1.55395898051027     
          12           2  0.603259692333248     
          12          11   1.24607889940409     
          13          12   1.42982420215748     
          14           5   1.20195878216488     
          14           9   1.22977146602936     
          14          13   1.31795481989958     
          15           6  0.966805841076153     
          16           7  0.967456366349933     
          17           8  0.965754988056868     
          18          10  0.960461141752007     
          19          11  0.913169976346433     
          20          13  0.909843822012688     
          21           3   1.11963213563095     
          22          21   1.30760516757231     
          23          22   1.49278362908998     
          24          23   1.34375419967821     
          25          24   1.15876299131138     
          26          25   1.18286100835460     
          27          26   1.33745733395065     
          28          27   1.49746311793476     
          29          28   1.32709547469445     
          30          29   1.39845097531297     
          31          26   1.24161789792892     
          31          30   1.39100010069860     
          32          24   1.25618584964009     
          32          31   1.14014896634695     
          33          21   1.39627609259180     
          33          32   1.37762622562032     
          34          22  0.969864653868333     
          35          23  0.965568679318229     
          36          25  0.931156114962749     
          37          27  0.966501093479993     
          38          28  0.965264328618178     
          39          30  0.961434111496361     
          40          33  0.964636869839732     
          41          29   1.07392204344487     
          42          41   1.35442648544547     
          43          42   1.45735311769472     
          44          43   1.41990171451585     
          45           1  0.598856681383746     
          45          44   1.34765862210142     
          46          41   1.37445192371628     
          46          45   1.35691935655153     
          47          42  0.960376506972454     
          48          43  0.961576869719064     
          49          44  0.911819527574103     
          50          46  0.905835953944603     
          52          51   2.63219199030762     
          53          52   1.13517950538850     
          54          53   1.45368805194744     
          55          54   1.34640021086205     
          56          55   1.52224571501157     
          57          56   1.29317412214270     
          58          57   1.27301575841706     
          59          58   1.55466001497190     
          60           2  0.597372166876327     
          60          59   1.24637532442673     
          61          60   1.42994332570737     
          62          53   1.19825453701366     
          62          57   1.22978805315345     
          62          61   1.32022095292645     
          63          54  0.966616727101171     
          64          55  0.967623072902754     
          65          56  0.965711696182351     
          66          58  0.960142956154068     
          67          59  0.917619783054374     
          68          61  0.912720053176891     
          69          51   1.12336550754541     
          70          69   1.31265259506823     
          71          70   1.49096637039215     
          72          71   1.34374468597023     
          73          72   1.16489499913083     
          74          73   1.18317785118116     
          75          74   1.33855490054762     
          76          75   1.49627590159371     
          77          76   1.32921675064859     
          78          77   1.39874998160656     
          79          74   1.24116218287608     
          79          78   1.39057434441985     
          80          72   1.25023340489544     
          80          79   1.14183391625565     
          81          69   1.38741300339474     
          81          80   1.38321462267332     
          82          70  0.970440090552880     
          83          71  0.965604654046008     
          84          73  0.929348754661954     
          85          75  0.966830859560170     
          86          76  0.966213520176447     
          87          78  0.961753763549636     
          88          81  0.965104688505874     
          89          77   1.07142190090824     
          90          89   1.35933514337740     
          91          90   1.45265777475289     
          92          91   1.42440839515439     
          93           1  0.593550543987855     
          93          92   1.34203816215835     
          94          89   1.37213640988241     
          94          93   1.36239712802647     
          95          90  0.961207498385447     
          96          91  0.961313499215895     
          97          92  0.909631066703826     
          98          94  0.908423107911880     
         100          99   2.63232762825023     
         101         100   1.13505061158608     
         102         101   1.45388317376863     
         103         102   1.34625742298452     
         104         103   1.52236503869235     
         105         104   1.29310554782022     
         106         105   1.27300853809356     
         107         106   1.55468034033102     
         108           1  0.597371863678439     
         108         107   1.24632237221177     
         109         108   1.43001102662214     
         110         101   1.19820003281991     
         110         105   1.22987470695390     
         110         109   1.32020171717436     
         111         102  0.966617396375757     
         112         103  0.967627351899318     
         113         104  0.965711004080443     
         114         106  0.960147125959702     
         115         107  0.917610463461459     
         116         109  0.912734304731321     
         117          99   1.12330369964863     
         118         117   1.31265129044021     
         119         118   1.49101882191806     
         120         119   1.34366981850912     
         121         120   1.16489893400438     
         122         121   1.18326655757567     
         123         122   1.33856246907236     
         124         123   1.49627900776333     
         125         124   1.32918109998937     
         126         125   1.39873438886193     
         127         122   1.24104772914503     
         127         126   1.39062314537562     
         128         120   1.25027411606269     
         128         127   1.14187123969574     
         129         117   1.38746596555223     
         129         128   1.38315763893672     
         130         118  0.970434042904485     
         131         119  0.965617008657267     
         132         121  0.929334858036264     
         133         123  0.966832166095792     
         134         124  0.966214123309604     
         135         126  0.961757312530280     
         136         129  0.965112343733675     
         137         125   1.07145401487953     
         138         137   1.35937523945820     
         139         138   1.45265822382205     
         140         139   1.42444563568767     
         141           2  0.593513541260923     
         141         140   1.34193073253549     
         142         137   1.37201919697681     
         142         141   1.36252655830186     
         143         138  0.961191445382839     
         144         139  0.961302015796392     
         145         140  0.909633614953822     
         146         142  0.908433300635584     
         148         147   2.63201648442519     
         149         148   1.13363895631296     
         150         149   1.45056509232796     
         151         150   1.34760567421006     
         152         151   1.52183097004739     
         153         152   1.29330395743168     
         154         153   1.27309025248889     
         155         154   1.55394373502282     
         156           1  0.603232636687531     
         156         155   1.24610191652320     
         157         156   1.42982646417341     
         158         149   1.20215354835817     
         158         153   1.22971503632678     
         158         157   1.31785022157574     
         159         150  0.966809678021068     
         160         151  0.967458188048449     
         161         152  0.965758623609758     
         162         154  0.960460183860235     
         163         155  0.913143006033796     
         164         157  0.909871486880690     
         165         147   1.11955602722775     
         166         165   1.30744990229542     
         167         166   1.49293670217936     
         168         167   1.34364012859320     
         169         168   1.15873348408721     
         170         169   1.18300450167987     
         171         170   1.33731366242305     
         172         171   1.49758083372733     
         173         172   1.32702126277908     
         174         173   1.39853878624346     
         175         170   1.24162124149460     
         175         174   1.39089965855286     
         176         168   1.25630507028974     
         176         175   1.14021008586657     
         177         165   1.39650960928460     
         177         176   1.37743455919444     
         178         166  0.969870293682611     
         179         167  0.965564947110212     
         180         169  0.931138800208099     
         181         171  0.966507264863361     
         182         172  0.965275284987459     
         183         174  0.961447895055383     
         184         177  0.964637757247136     
         185         173   1.07388167099941     
         186         185   1.35450854214935     
         187         186   1.45728136626496     
         188         187   1.41999287129064     
         189           2  0.598872188434947     
         189         188   1.34754988953173     
         190         185   1.37440499494772     
         190         189   1.35699982007589     
         191         186  0.960369210485220     
         192         187  0.961570020396639     
         193         188  0.911811167132069     
         194         190  0.905843208237993     
