   -0.07975378
   -0.10558853
   -0.02244642
   -0.03423251
    0.04338699
   -0.01919303
   -0.01936318
   -0.03156825
    0.00392949
    0.05789073
   -0.08261985
    0.04021459
   -0.02905986
    0.01735345
    0.05967971
    0.05740695
    0.06879089
    0.11133035
    0.14434401
    0.10585653
    0.03933715
   -0.03482074
   -0.03320260
    0.03706341
   -0.02491604
   -0.02547662
    0.07613004
    0.06527159
    0.03684835
    0.03716619
   -0.02147758
   -0.03757451
    0.04348668
   -0.02217573
   -0.01659613
   -0.03157634
    0.02836222
   -0.03174726
    0.04478732
   -0.06643671
    0.05861215
   -0.00263576
    0.06217270
    0.05533507
    0.06148771
    0.08881223
    0.13231934
    0.11770880
   -0.02247017
   -0.03457877
    0.04338240
   -0.01845119
   -0.01905937
   -0.03038540
    0.00033432
    0.06016619
   -0.11085225
    0.04176222
   -0.03030642
    0.00935158
    0.06230997
    0.05925152
    0.07092159
    0.12082978
    0.13260528
    0.10250543
    0.03794296
   -0.02535890
   -0.02549277
    0.03784706
   -0.03517768
   -0.03473026
    0.03777882
    0.03745668
    0.07623315
    0.07172017
   -0.01885304
   -0.03788816
    0.04446866
   -0.02308480
   -0.01640137
   -0.03224591
    0.02605058
   -0.03400959
    0.04591658
   -0.09738586
    0.06066345
   -0.00414733
    0.06251474
    0.05703268
    0.06289815
    0.09012472
    0.12219668
    0.12201444
   -0.02072884
   -0.03333056
    0.04515853
   -0.01694061
   -0.01795016
   -0.02984897
   -0.00111823
    0.07203543
   -0.18727729
    0.04327342
   -0.02755011
    0.01158882
    0.06414761
    0.06236369
    0.07446387
    0.12228637
    0.12794444
    0.10628730
    0.03837457
   -0.02516656
   -0.02509046
    0.03776521
   -0.03500816
   -0.03391735
    0.03891379
    0.03756941
    0.07461878
    0.07185945
   -0.01946844
   -0.03790838
    0.04350748
   -0.02291394
   -0.01654696
   -0.03220758
    0.02675023
   -0.03396971
    0.04287064
   -0.10513098
    0.06273382
   -0.00488434
    0.06272174
    0.05648116
    0.06160161
    0.08720522
    0.11211288
    0.12528266
   -0.02252194
   -0.03457059
    0.04357398
   -0.01840647
   -0.01896593
   -0.03043032
    0.00099096
    0.06027423
   -0.10909300
    0.04183641
   -0.03011446
    0.01010716
    0.06221398
    0.05911798
    0.07092773
    0.12080690
    0.13236650
    0.10244518
    0.03797108
   -0.02533361
   -0.02547876
    0.03785950
   -0.03519916
   -0.03480978
    0.03747461
    0.03726343
    0.07636853
    0.07170323
   -0.01887258
   -0.03791472
    0.04452269
   -0.02307503
   -0.01637740
   -0.03222418
    0.02607899
   -0.03397706
    0.04593071
   -0.09708023
    0.06079063
   -0.00403808
    0.06245986
    0.05704528
    0.06300491
    0.09028937
    0.12219502
    0.12188023
