           4           3   2.63301869011920     
           5           4   1.14377027796717     
           6           5   1.43290803028748     
           7           6   1.35106102127426     
           8           7   1.52974387462719     
           9           8   1.27358306737852     
          10           9   1.28779511469653     
          11           2  0.619794931362481     
          11          10   1.45067709053531     
          12          11   1.23416117271921     
          13          12   1.54608197152803     
          14           5   1.21782001688066     
          14           9   1.23522983761477     
          14          13   1.29155724541892     
          15           6  0.968242257818617     
          16           7  0.967561689940543     
          17           8  0.964862148867275     
          18          10  0.917982891820461     
          19          12  0.890913052072952     
          20          13  0.954887981559510     
          21           3   1.14023736352080     
          22          21   1.33764043102815     
          23          22   1.48597923966024     
          24          23   1.33594230657731     
          25          24   1.33636651352983     
          26          21   1.33686829794385     
          26          25   1.48456250919025     
          27          22  0.965068976935759     
          28          23  0.965763944657162     
          29          25  0.969734970668116     
          30          26  0.969672315486964     
          31          24   1.14203011218601     
          32          31   2.62659558031538     
          33          32   1.14882422802679     
          34          33   1.44255511731381     
          35          34   1.35126311062895     
          36          35   1.51924778077446     
          37          36   1.29214614437678     
          38          37   1.27398208687156     
          39          38   1.54982597829380     
          40           1  0.636055864204084     
          40          39   1.24595231012163     
          41          40   1.42425388733251     
          42          33   1.19599933858591     
          42          37   1.23058241376401     
          42          41   1.31989035472522     
          43          34  0.967688742601360     
          44          35  0.968109856225827     
          45          36  0.965894527834723     
          46          38  0.960326345627351     
          47          39  0.902524635008876     
          48          41  0.902313306814174     
          50          49   2.63180827303461     
          51          50   1.14401820346337     
          52          51   1.43504711484364     
          53          52   1.35030728722285     
          54          53   1.52951134218896     
          55          54   1.27381138685129     
          56          55   1.28510077448277     
          57           1  0.582829850160038     
          57          56   1.44282983028754     
          58          57   1.22219255520474     
          59          58   1.54517862570353     
          60          51   1.21565734268595     
          60          55   1.23573564052396     
          60          59   1.28724058290699     
          61          52  0.967822930557152     
          62          53  0.967504706706188     
          63          54  0.964569648462442     
          64          56  0.918947286403872     
          65          58  0.891561317735868     
          66          59  0.954392995475907     
          67          49   1.14021320795799     
          68          67   1.33904520720248     
          69          68   1.48396431465721     
          70          69   1.33504918544877     
          71          70   1.33766034310840     
          72          67   1.33590861998210     
          72          71   1.48534158231809     
          73          68  0.969495744818408     
          74          69  0.969701035908451     
          75          71  0.964945737890698     
          76          72  0.965613313057786     
          77          70   1.14142084060802     
          78          77   2.62288609755441     
          79          78   1.14867697662109     
          80          79   1.43259301368251     
          81          80   1.35871934576930     
          82          81   1.51149524180343     
          83          82   1.29868207561969     
          84          83   1.26573244013304     
          85          84   1.56481154567152     
          86           2  0.592808118551594     
          86          85   1.23378202751604     
          87          86   1.44233891247265     
          88          79   1.20452372750867     
          88          83   1.23162860206742     
          88          87   1.31229028336517     
          89          80  0.967465346011136     
          90          81  0.967618788446305     
          91          82  0.965528216168925     
          92          84  0.959532841412580     
          93          85  0.888717430020579     
          94          87  0.923671316797399     
          96          95   2.63135621243181     
          97          96   1.14513122293123     
          98          97   1.43511838016798     
          99          98   1.34849535384609     
         100          99   1.53177002697000     
         101         100   1.27015612710395     
         102         101   1.29756628395382     
         103           1  0.548666258384963     
         103         102   1.43168947639151     
         104         103   1.23378841894309     
         105         104   1.54191158478734     
         106          97   1.21444124138513     
         106         101   1.23039465153499     
         106         105   1.29605689015978     
         107          98  0.967733479015306     
         108          99  0.967126944671801     
         109         100  0.964149557960756     
         110         102  0.908429547865646     
         111         104  0.908281986118859     
         112         105  0.953819608970643     
         113          95   1.14128559427058     
         114         113   1.33810392360851     
         115         114   1.48454893281027     
         116         115   1.33489900128684     
         117         116   1.33639113829748     
         118         113   1.33527322456914     
         118         117   1.48652200439482     
         119         114  0.969482549861472     
         120         115  0.969705441173432     
         121         117  0.965032071279210     
         122         118  0.965588424655327     
         123         116   1.14282454334025     
         124         123   2.62439134439463     
         125         124   1.15011355676427     
         126         125   1.43807071256774     
         127         126   1.35390518364906     
         128         127   1.51675797508943     
         129         128   1.29361680217107     
         130         129   1.27432160382556     
         131         130   1.55188494049476     
         132           2  0.578849277238866     
         132         131   1.25154429012693     
         133         132   1.42830753006252     
         134         125   1.19838457867425     
         134         129   1.22914602354379     
         134         133   1.32237984630063     
         135         126  0.967554291444706     
         136         127  0.967813547640754     
         137         128  0.965768776591724     
         138         130  0.960415807212441     
         139         131  0.915471222985290     
         140         133  0.905610893977645     
         142         141   2.63183132656383     
         143         142   1.14364389998547     
         144         143   1.43588886010390     
         145         144   1.34990961627440     
         146         145   1.52992225824751     
         147         146   1.27357944369552     
         148         147   1.28539192111507     
         149           1  0.587799529899727     
         149         148   1.44269165143065     
         150         149   1.22284581450093     
         151         150   1.54527328633765     
         152         143   1.21520611751307     
         152         147   1.23589599392407     
         152         151   1.28766173143484     
         153         144  0.967829127658850     
         154         145  0.967516121120729     
         155         146  0.964589412022896     
         156         148  0.918815450744524     
         157         150  0.891391555600293     
         158         151  0.954416242472357     
         159         141   1.13980609994373     
         160         159   1.34000530695279     
         161         160   1.48324941871230     
         162         161   1.33585746755049     
         163         162   1.33731478539300     
         164         159   1.33546289679946     
         164         163   1.48562472032494     
         165         160  0.969545654793424     
         166         161  0.969731764003910     
         167         163  0.964901795372450     
         168         164  0.965595819570328     
         169         162   1.14108815910299     
         170         169   2.62306823875297     
         171         170   1.14838576140730     
         172         171   1.43281368697339     
         173         172   1.35861417994691     
         174         173   1.51152435648756     
         175         174   1.29881818240068     
         176         175   1.26558172016625     
         177         176   1.56488782103592     
         178           2  0.592697185754360     
         178         177   1.23355917675884     
         179         178   1.44261368276572     
         180         171   1.20464155555008     
         180         175   1.23162199379307     
         180         179   1.31219341883676     
         181         172  0.967473804766003     
         182         173  0.967622056593511     
         183         174  0.965504336552410     
         184         176  0.959507527921793     
         185         177  0.888247804746796     
         186         179  0.923836314944051     
