   -0.13237501
   -0.13516435
   -0.01724501
   -0.03188713
    0.04469559
   -0.02081529
   -0.01498852
   -0.02966922
    0.02814446
   -0.03065186
    0.05209109
   -0.08501416
    0.05780911
   -0.00372208
    0.06547550
    0.05830631
    0.06474779
    0.09165488
    0.13934405
    0.12027787
    0.04110178
   -0.02024928
   -0.02459405
   -0.02429684
    0.00103973
   -0.03882356
    0.04972962
    0.04535054
    0.05920365
    0.08249970
    0.03314636
   -0.04085545
    0.05349817
   -0.08110314
    0.06058724
   -0.02797612
    0.12016861
    0.15505084
    0.12069432
    0.09337972
   -0.01773376
   -0.03183851
    0.04496502
   -0.02082033
   -0.01498571
   -0.02969260
    0.02818206
   -0.03006638
    0.05129384
   -0.07635916
    0.05663756
   -0.00316283
    0.06472890
    0.05798537
    0.06483732
    0.09199514
    0.14141246
    0.12506828
    0.04131027
   -0.02027742
   -0.02478655
   -0.02473716
    0.00133524
   -0.03815889
    0.04981933
    0.04566004
    0.05885276
    0.08423165
    0.03367015
   -0.02854901
    0.06177024
   -0.08738072
    0.05460032
   -0.03965190
    0.09268966
    0.11936300
    0.15624150
    0.11809818
   -0.01596066
   -0.03210988
    0.04252047
   -0.02016919
   -0.01421927
   -0.02823385
    0.02581300
   -0.03089237
    0.05923093
   -0.13327094
    0.05982807
   -0.01575363
    0.06839778
    0.06209813
    0.06839770
    0.09523387
    0.13903979
    0.11746011
    0.03443487
   -0.01985295
   -0.02480667
   -0.02192018
   -0.00574512
   -0.04147189
    0.05306653
    0.04920071
    0.05650419
    0.08532150
    0.02294064
   -0.03550615
    0.05709726
   -0.13135938
    0.06233824
   -0.03990929
    0.08010418
    0.10040591
    0.14106195
    0.11381180
   -0.01556640
   -0.03176124
    0.04289342
   -0.01977287
   -0.01388918
   -0.02792688
    0.02641236
   -0.03051702
    0.06092456
   -0.14830453
    0.06152806
   -0.01614980
    0.06896339
    0.06250090
    0.06865013
    0.09528904
    0.13962950
    0.11389740
    0.03441624
   -0.01981242
   -0.02473520
   -0.02180348
   -0.00564807
   -0.04138576
    0.05322473
    0.04908240
    0.05637357
    0.08599692
    0.02324212
   -0.04033052
    0.06100083
   -0.12419657
    0.05589031
   -0.03530821
    0.11544574
    0.14251212
    0.10100565
    0.07998930
