           4           3   2.64107908649234     
           5           4   1.14147339538668     
           6           5   1.44105355583323     
           7           6   1.35212745373224     
           8           7   1.51733943581729     
           9           8   1.29472202504699     
          10           9   1.26947309095730     
          11          10   1.55724053816841     
          12           2  0.614395836678169     
          12          11   1.23670400957023     
          13          12   1.43820708612524     
          14           5   1.20404977609599     
          14           9   1.23124900444011     
          14          13   1.31199249500855     
          15           6  0.967037016311261     
          16           7  0.967437335518500     
          17           8  0.965315550928641     
          18          10  0.959243663499358     
          19          11  0.879586613427580     
          20          13  0.924193393578434     
          21           3   1.12756956609841     
          22          21   1.34320128467963     
          23          22   1.45043260994959     
          24          23   1.44194632959847     
          25          24   1.36692969223248     
          26          21   1.37191694632130     
          26          25   1.38603422444931     
          27          22  0.969792388167452     
          28          23  0.968547950730851     
          29          24  0.965754014612508     
          30          26  0.960680137647551     
          31          25   1.07116973818390     
          32          31   1.34575875775405     
          33          32   1.48518562619367     
          34           1  0.650207490185229     
          34          33   1.30590207030773     
          35          34   1.35602162989620     
          36          31   1.37888822794399     
          36          35   1.44418876734029     
          37          32  0.951302562495648     
          38          33  0.877936413463056     
          39          35  0.929114089153363     
          40          36  0.958499566856067     
          42          41   2.64051030845528     
          43          42   1.14238841454613     
          44          43   1.43987430211061     
          45          44   1.35300706765820     
          46          45   1.51653699175227     
          47          46   1.29529221597885     
          48          47   1.26821248924354     
          49          48   1.55856131835832     
          50           1  0.625783086176688     
          50          49   1.23407599759421     
          51          50   1.43955331460250     
          52          43   1.20458623369013     
          52          47   1.23183817631687     
          52          51   1.31027687498978     
          53          44  0.967108821479894     
          54          45  0.967469146995538     
          55          46  0.965290581121436     
          56          48  0.959118698875496     
          57          49  0.876969642379702     
          58          51  0.924661641051975     
          59          41   1.12829535074114     
          60          59   1.34182707431957     
          61          60   1.45042546041861     
          62          61   1.44249766816281     
          63          62   1.36501578397130     
          64          59   1.37279957595545     
          64          63   1.38522078978333     
          65          60  0.969728800333873     
          66          61  0.968461277024157     
          67          62  0.965255425030819     
          68          64  0.959774849444090     
          69          63   1.07408226611177     
          70          69   1.37749628292193     
          71          70   1.44499144686055     
          72           2  0.641227113068887     
          72          71   1.35655700221544     
          73          72   1.30541403569078     
          74          69   1.34440995465973     
          74          73   1.48648732808093     
          75          70  0.958190702581279     
          76          71  0.928364299690719     
          77          73  0.872779797229555     
          78          74  0.951218840998722     
          80          79   2.63481493887969     
          81          80   1.14235080635651     
          82          81   1.43349603030853     
          83          82   1.35676435712703     
          84          83   1.51173325709984     
          85          84   1.29910796843094     
          86          85   1.26499403422376     
          87          86   1.56123005621691     
          88           2  0.548856230417090     
          88          87   1.22596637717253     
          89          88   1.44555134464637     
          90          81   1.20894665712732     
          90          85   1.23035048466762     
          90          89   1.30957856972426     
          91          82  0.966475298101345     
          92          83  0.966730739747919     
          93          84  0.964683617212210     
          94          86  0.958252069658276     
          95          87  0.869806092556844     
          96          89  0.932804294995759     
          97          79   1.12918821778832     
          98          97   1.33945854519948     
          99          98   1.45254662618886     
         100          99   1.44003736716370     
         101         100   1.36826254650417     
         102          97   1.37299398120014     
         102         101   1.38310250471024     
         103          98  0.969205020218400     
         104          99  0.968209084081021     
         105         100  0.965367580590091     
         106         102  0.959331764636862     
         107         101   1.07320259191426     
         108         107   1.37538871642387     
         109         108   1.44663823467506     
         110           1  0.511161173964602     
         110         109   1.35795525068063     
         111         110   1.29421770244313     
         112         107   1.34352694813515     
         112         111   1.46833546945447     
         113         108  0.959177216476934     
         114         109  0.941192643563740     
         115         111  0.889731970358608     
         116         112  0.951999045497739     
         118         117   2.63523594375609     
         119         118   1.14271467109755     
         120         119   1.43449718118885     
         121         120   1.35610155606816     
         122         121   1.51177851404803     
         123         122   1.29924018234164     
         124         123   1.26552384440971     
         125         124   1.56092003007885     
         126           1  0.536971684914181     
         126         125   1.22674232827789     
         127         126   1.44228384731401     
         128         119   1.20734498627600     
         128         123   1.22919759463599     
         128         127   1.31243369168366     
         129         120  0.966404343214423     
         130         121  0.966726487243839     
         131         122  0.964667939155529     
         132         124  0.958241608757355     
         133         125  0.872079842097617     
         134         127  0.932518196635168     
         135         117   1.12916580003628     
         136         135   1.33893187283307     
         137         136   1.45286722925323     
         138         137   1.43972184517365     
         139         138   1.36861402678562     
         140         135   1.37343102842121     
         140         139   1.38315944904282     
         141         136  0.969205337585884     
         142         137  0.968191728372591     
         143         138  0.965405153730617     
         144         140  0.959497416707213     
         145         139   1.07275939408233     
         146         145   1.34338746676127     
         147         146   1.47000655434363     
         148           2  0.522782275068101     
         148         147   1.29442344678881     
         149         148   1.35862125033609     
         150         145   1.37602820580938     
         150         149   1.44647493353266     
         151         146  0.951865102476298     
         152         147  0.888181690397952     
         153         149  0.940753746998539     
         154         150  0.959244103516262     
