   -0.07811856
   -0.07805847
   -0.01828327
   -0.04442915
    0.04519726
   -0.02344917
   -0.01633710
   -0.03269582
    0.02864950
   -0.03369385
    0.04241539
   -0.08897519
    0.05739067
   -0.00537113
    0.06759688
    0.05992373
    0.06297221
    0.08760908
    0.11055941
    0.10878826
    0.02039019
   -0.03489102
   -0.05042027
    0.05280996
   -0.12540875
    0.05335795
   -0.04955941
   -0.02960059
    0.02094337
   -0.02889419
   -0.02392442
   -0.02308067
   -0.03198276
    0.04450975
    0.03912980
    0.19699321
    0.03482783
    0.04355109
    0.07064524
    0.06855864
   -0.00736717
   -0.04475105
    0.04710781
   -0.00848153
   -0.02922703
    0.04667883
   -0.08661152
    0.04180678
    0.08475833
    0.08963308
    0.12004501
    0.13229039
   -0.01790559
   -0.04523896
    0.04529795
   -0.02373903
   -0.01627794
   -0.03292409
    0.02808040
   -0.03369032
    0.04269418
   -0.09305498
    0.05818865
   -0.00453393
    0.06551197
    0.05903574
    0.06292776
    0.08795783
    0.11299779
    0.11075850
    0.02217193
   -0.03369414
   -0.05054206
    0.05500564
   -0.12742017
    0.05452956
   -0.05097620
   -0.03108955
    0.01922966
   -0.02827977
   -0.02458448
   -0.02198947
   -0.03295524
    0.04400062
    0.03662356
    0.19841716
    0.03537874
    0.04428702
    0.07051417
    0.06876871
   -0.00672476
   -0.04443951
    0.04563424
   -0.00722679
   -0.02934483
    0.04737265
   -0.09047670
    0.04240359
    0.08248761
    0.09091118
    0.12095485
    0.13140108
   -0.01790333
   -0.04525023
    0.04530659
   -0.02374630
   -0.01627730
   -0.03293349
    0.02807631
   -0.03368403
    0.04268417
   -0.09305094
    0.05818385
   -0.00451425
    0.06550697
    0.05901122
    0.06292715
    0.08794702
    0.11299186
    0.11072332
    0.02216695
   -0.03369116
   -0.05053186
    0.05501055
   -0.12742532
    0.05455921
   -0.05097198
   -0.03110192
    0.01921462
   -0.02827382
   -0.02460033
   -0.02199344
   -0.03295084
    0.04400170
    0.03660352
    0.19844590
    0.03535545
    0.04430631
    0.07050845
    0.06876288
   -0.00672767
   -0.04444516
    0.04562434
   -0.00722048
   -0.02934608
    0.04736886
   -0.09047106
    0.04241631
    0.08247547
    0.09091596
    0.12096592
    0.13139080
   -0.01828488
   -0.04443370
    0.04519886
   -0.02343578
   -0.01634030
   -0.03269712
    0.02865790
   -0.03368658
    0.04239539
   -0.08895461
    0.05739031
   -0.00539095
    0.06757794
    0.05992860
    0.06297518
    0.08759086
    0.11057243
    0.10878955
    0.02038743
   -0.03490203
   -0.05042290
    0.05281119
   -0.12539311
    0.05333594
   -0.04957319
   -0.02960655
    0.02096164
   -0.02888576
   -0.02392704
   -0.02308944
   -0.03197725
    0.04451352
    0.03911366
    0.19698775
    0.03486524
    0.04354552
    0.07063528
    0.06855413
   -0.00736981
   -0.04474623
    0.04712127
   -0.00847747
   -0.02924266
    0.04667811
   -0.08662248
    0.04181077
    0.08476641
    0.08964967
    0.12004059
    0.13230224
