           4           3   2.63246108857478     
           5           4   1.13273864319539     
           6           5   1.45566420042304     
           7           6   1.34482579085480     
           8           7   1.52393715343031     
           9           8   1.29220930705514     
          10           9   1.27399206270862     
          11          10   1.55367937843847     
          12           2  0.599510093406255     
          12          11   1.24749814788103     
          13          12   1.43078191672751     
          14           5   1.19868801490343     
          14           9   1.22994201514652     
          14          13   1.32053905059373     
          15           6  0.966789579484677     
          16           7  0.967547202920467     
          17           8  0.965596166867651     
          18          10  0.960184548405634     
          19          11  0.921626420203927     
          20          13  0.915976382070846     
          21           3   1.12068239769131     
          22          21   1.31048186759368     
          23          22   1.49180508661299     
          24          23   1.34334550028262     
          25          24   1.16299923761296     
          26          25   1.18082373858388     
          27          26   1.33384656989439     
          28          27   1.50180702245056     
          29          28   1.30173554216919     
          30          29   1.36788243280880     
          31          26   1.24052200974168     
          31          30   1.39518770211372     
          32          24   1.25193956270014     
          32          31   1.13915354463385     
          33          21   1.39091848670229     
          33          32   1.38169903114154     
          34          22  0.970183691198931     
          35          23  0.966407829820558     
          36          25  0.931562648461976     
          37          27  0.967015548453175     
          38          28  0.970296122579558     
          39          30  0.964831720702042     
          40          33  0.965270293405471     
          41          29   1.14827794172136     
          42          41   2.62276749609703     
          43          42   1.15195044229293     
          44          43   1.32684614085854     
          45          44   1.46412841095848     
          46          45   1.41400331596544     
          47           1  0.603650363666896     
          47          46   1.34252644205492     
          48          43   1.34196140674137     
          48          47   1.36262152204204     
          49          44  0.964086007891079     
          50          45  0.961642616210759     
          51          46  0.915504943578464     
          52          48  0.904840246306901     
          54          53   2.63017911172740     
          55          54   1.13532852738722     
          56          55   1.44988814135759     
          57          56   1.34815817149347     
          58          57   1.52086019603632     
          59          58   1.29412858908322     
          60          59   1.27335127469902     
          61          60   1.55451616976326     
          62           1  0.598022821454059     
          62          61   1.24595486831494     
          63          62   1.43063319048585     
          64          55   1.20113457398512     
          64          59   1.22864379306929     
          64          63   1.32024021681588     
          65          56  0.967106230440862     
          66          57  0.967555388446395     
          67          58  0.965565340095181     
          68          60  0.960115733515715     
          69          61  0.918143249503920     
          70          63  0.916324273172715     
          71          53   1.12223775941351     
          72          71   1.30733755743018     
          73          72   1.49382401404340     
          74          73   1.34226739099930     
          75          74   1.16371809398538     
          76          75   1.18115941931602     
          77          76   1.33287055952259     
          78          77   1.50296489599312     
          79          78   1.29813375240037     
          80          79   1.37079962106370     
          81          76   1.24021895321007     
          81          80   1.39469399077012     
          82          74   1.25244475960226     
          82          81   1.13952460437902     
          83          71   1.39206741088641     
          83          82   1.38096072023071     
          84          72  0.970274199156823     
          85          73  0.966515134624621     
          86          75  0.931005776127516     
          87          77  0.966855156410241     
          88          78  0.970120062759857     
          89          80  0.964911439980139     
          90          83  0.965289357595637     
          91          79   1.14787203006852     
          92          91   2.62169761593979     
          93          92   1.15178614315421     
          94          93   1.32506992820333     
          95          94   1.46543233350571     
          96          95   1.41292674626306     
          97           2  0.600689142483748     
          97          96   1.34339640438716     
          98          93   1.34401470760432     
          98          97   1.36151971864558     
          99          94  0.964415070367184     
         100          95  0.961353034931434     
         101          96  0.914195001193488     
         102          98  0.906900815245372     
         104         103   2.63001867794595     
         105         104   1.13540773613424     
         106         105   1.44978213755450     
         107         106   1.34814954315154     
         108         107   1.52094440045972     
         109         108   1.29399659311157     
         110         109   1.27347356070504     
         111         110   1.55443561302108     
         112           2  0.597991260134182     
         112         111   1.24596698015151     
         113         112   1.43066351673021     
         114         105   1.20119882316345     
         114         109   1.22863352020758     
         114         113   1.32020601769487     
         115         106  0.967114144057191     
         116         107  0.967548656575249     
         117         108  0.965571705219540     
         118         110  0.960112920201929     
         119         111  0.918147415594078     
         120         113  0.916336109447613     
         121         103   1.12236300502817     
         122         121   1.30725348352586     
         123         122   1.49389871935015     
         124         123   1.34223332458915     
         125         124   1.16372689293954     
         126         125   1.18115705944303     
         127         126   1.33291379106979     
         128         127   1.50293357726882     
         129         128   1.29815909423931     
         130         129   1.37077973158616     
         131         126   1.24021650404024     
         131         130   1.39474807307028     
         132         124   1.25243177437518     
         132         131   1.13945784673780     
         133         121   1.39198572195643     
         133         132   1.38104512995230     
         134         122  0.970276219980500     
         135         123  0.966508072564585     
         136         125  0.930997898052268     
         137         127  0.966846391690160     
         138         128  0.970121583298111     
         139         130  0.964909795718814     
         140         133  0.965288989190563     
         141         129   1.14784915805309     
         142         141   2.62173965733296     
         143         142   1.15173108465222     
         144         143   1.32523010924525     
         145         144   1.46532597846458     
         146         145   1.41300267078254     
         147           1  0.600646892534468     
         147         146   1.34332002065513     
         148         143   1.34388597402183     
         148         147   1.36165852549773     
         149         144  0.964408499068906     
         150         145  0.961356936929997     
         151         146  0.914196441139769     
         152         148  0.906907710895723     
         154         153   2.63247973954418     
         155         154   1.13270511417222     
         156         155   1.45568835867144     
         157         156   1.34482574108984     
         158         157   1.52395071268828     
         159         158   1.29217916748052     
         160         159   1.27406273458731     
         161         160   1.55360901687927     
         162           1  0.599444626064911     
         162         161   1.24750777836229     
         163         162   1.43088171371604     
         164         155   1.19870521395666     
         164         159   1.22994875967806     
         164         163   1.32044654127106     
         165         156  0.966781893844878     
         166         157  0.967548174991122     
         167         158  0.965598196017741     
         168         160  0.960183423701354     
         169         161  0.921661520015151     
         170         163  0.915961967157102     
         171         153   1.12070001335265     
         172         171   1.31045815111202     
         173         172   1.49183008917301     
         174         173   1.34330693659411     
         175         174   1.16309252546332     
         176         175   1.18074478087185     
         177         176   1.33382432572909     
         178         177   1.50182625590178     
         179         178   1.30170121490089     
         180         179   1.36805959600744     
         181         176   1.24062866216694     
         181         180   1.39504467107174     
         182         174   1.25191399260999     
         182         181   1.13915709995055     
         183         171   1.39092771175247     
         183         182   1.38169514781645     
         184         172  0.970185733819992     
         185         173  0.966407455391228     
         186         175  0.931562885431169     
         187         177  0.967032017016224     
         188         178  0.970304155844594     
         189         180  0.964826623397691     
         190         183  0.965266564302505     
         191         179   1.14817384148956     
         192         191   2.62289863051181     
         193         192   1.15186742219114     
         194         193   1.32688991538739     
         195         194   1.46410899324086     
         196         195   1.41397852745258     
         197           2  0.603645388331132     
         197         196   1.34257311672730     
         198         193   1.34203743751714     
         198         197   1.36255517106753     
         199         194  0.964085956712293     
         200         195  0.961652196205659     
         201         196  0.915499540230448     
         202         198  0.904845199992008     
