   -0.06709322
   -0.08086108
   -0.02140391
   -0.03398920
    0.04544131
   -0.01676267
   -0.01775301
   -0.02997649
    0.00265768
    0.06971066
   -0.15147316
    0.03971140
   -0.02710751
    0.01253227
    0.06575753
    0.06394533
    0.07632405
    0.12963428
    0.12497857
    0.10371548
    0.03771159
   -0.03372976
   -0.03423160
    0.03781667
   -0.02550966
   -0.02565997
    0.06535359
    0.07394058
    0.04082602
    0.04104843
   -0.01876155
   -0.03718393
    0.04436225
   -0.02255491
   -0.01598967
   -0.03166249
    0.02647555
   -0.03325939
    0.04235088
   -0.10499471
    0.06232304
   -0.00465721
    0.06418213
    0.05849207
    0.06354476
    0.08905141
    0.10909224
    0.12626062
   -0.02390386
   -0.03495149
    0.04352299
   -0.01819513
   -0.01900406
   -0.03026158
    0.00473198
    0.05945511
   -0.08902189
    0.03236881
   -0.02868334
    0.01168840
    0.06238745
    0.05922156
    0.07110213
    0.12491637
    0.13278443
    0.09689459
    0.03794262
   -0.03337897
   -0.03457061
    0.03845178
   -0.02556048
   -0.02556623
    0.06396840
    0.07652477
    0.03896260
    0.03897486
   -0.01855419
   -0.03712967
    0.04466499
   -0.02266380
   -0.01617172
   -0.03180905
    0.02575475
   -0.03356875
    0.04126237
   -0.09712170
    0.06076272
   -0.00302508
    0.06266378
    0.05839521
    0.06344517
    0.08878148
    0.11360253
    0.12885220
   -0.02228078
   -0.03403954
    0.04238175
   -0.01870269
   -0.02005390
   -0.02937213
   -0.00019164
    0.05881714
   -0.09173214
    0.03619368
   -0.03355967
    0.00757439
    0.06581292
    0.05996439
    0.06843032
    0.11437066
    0.12760100
    0.09791688
    0.03698097
   -0.02833303
   -0.02635575
    0.03698969
   -0.03316720
   -0.03423423
    0.04155985
    0.04166884
    0.07071988
    0.06351961
   -0.01862869
   -0.03798969
    0.04456004
   -0.02304796
   -0.01627780
   -0.03192961
    0.02634627
   -0.03349003
    0.04106774
   -0.08819228
    0.05953394
   -0.00292262
    0.06395752
    0.05819140
    0.06214761
    0.08727784
    0.10968262
    0.12887462
   -0.02075169
   -0.03372916
    0.04566959
   -0.01670897
   -0.01783714
   -0.02936440
    0.00226191
    0.06909775
   -0.15271178
    0.04293035
   -0.02855672
    0.01108939
    0.06705611
    0.06434484
    0.07581453
    0.12630072
    0.11900445
    0.10454880
    0.03703123
   -0.03541845
   -0.03417162
    0.03689231
   -0.02584071
   -0.02655256
    0.06833891
    0.07330793
    0.04091304
    0.04081038
   -0.01893931
   -0.03767166
    0.04436303
   -0.02256769
   -0.01597246
   -0.03162421
    0.02632751
   -0.03308538
    0.04229507
   -0.09872546
    0.06081890
   -0.00464043
    0.06433102
    0.05864757
    0.06372631
    0.08956099
    0.11416422
    0.12601498
