           4           3   2.63066861861136     
           5           4   1.14091635263195     
           6           5   1.44184602886622     
           7           6   1.34538092394194     
           8           7   1.53380101407034     
           9           8   1.27004379219282     
          10           9   1.29454664769648     
          11           1  0.594056973167457     
          11          10   1.43145466568471     
          12          11   1.23342406582856     
          13          12   1.54228291584706     
          14           5   1.21217112943081     
          14           9   1.23121426455423     
          14          13   1.29533530710186     
          15           6  0.967446437362933     
          16           7  0.966989362495861     
          17           8  0.963900114421253     
          18          10  0.908278633430925     
          19          12  0.909140806776048     
          20          13  0.953334527222711     
          21           3   1.13765887218526     
          22          21   1.33531681547456     
          23          22   1.48551014572083     
          24          23   1.33784324034441     
          25          24   1.33524329933829     
          26          21   1.34163644187081     
          26          25   1.48265632678850     
          27          22  0.966368261759710     
          28          23  0.965118751361623     
          29          25  0.969371920270077     
          30          26  0.969203382258662     
          31          24   1.14241126035433     
          32          31   2.62420680416279     
          33          32   1.15003473563619     
          34          33   1.43383486766991     
          35          34   1.35714706250281     
          36          35   1.51299932293984     
          37          36   1.29701745697497     
          38          37   1.26975902105653     
          39          38   1.55906224077118     
          40           2  0.589520506576611     
          40          39   1.24103211785084     
          41          40   1.43406388126243     
          42          33   1.20221435397175     
          42          37   1.22954698748754     
          42          41   1.31761074803012     
          43          34  0.967305627855045     
          44          35  0.967470578123782     
          45          36  0.965459010026422     
          46          38  0.959902395146438     
          47          39  0.908211925848177     
          48          41  0.917207900824564     
          50          49   2.62977757652772     
          51          50   1.14385975810973     
          52          51   1.43798289593245     
          53          52   1.35006083400847     
          54          53   1.52892945757759     
          55          54   1.27530591098934     
          56          55   1.27842424705341     
          57           1  0.604546297373894     
          57          56   1.45541593735469     
          58          57   1.21768639829552     
          59          58   1.55341928172070     
          60          51   1.21218728354179     
          60          55   1.23957082320546     
          60          59   1.28480820733164     
          61          52  0.967742114240830     
          62          53  0.967662822745517     
          63          54  0.964718816273322     
          64          56  0.923648808996213     
          65          58  0.884052975468842     
          66          59  0.953487905092101     
          67          49   1.14104907919868     
          68          67   1.33430652096879     
          69          68   1.48550212478899     
          70          69   1.33922271504723     
          71          70   1.33210544624550     
          72          67   1.33925143959180     
          72          71   1.48506165729211     
          73          68  0.966027049095208     
          74          69  0.964862034927587     
          75          71  0.969579028096819     
          76          72  0.969355667341880     
          77          70   1.14296719608366     
          78          77   2.62209776974540     
          79          78   1.14950642344048     
          80          79   1.42841391686528     
          81          80   1.36083069966897     
          82          81   1.50971884788487     
          83          82   1.29933765885568     
          84          83   1.26676593916530     
          85          84   1.56395771107941     
          86           2  0.594819187585465     
          86          85   1.23535195791817     
          87          86   1.44104410588841     
          88          79   1.20693591926642     
          88          83   1.23009947378935     
          88          87   1.31281528632056     
          89          80  0.967370126115926     
          90          81  0.967309251103764     
          91          82  0.965370273725166     
          92          84  0.959770058599649     
          93          85  0.897017327996548     
          94          87  0.922968345322089     
          96          95   2.63513068004305     
          97          96   1.12775522273059     
          98          97   1.45087146971715     
          99          98   1.34209394157930     
         100          99   1.53714925378308     
         101         100   1.27153365716966     
         102         101   1.28278019237113     
         103           1  0.560998169992926     
         103         102   1.45125950188676     
         104         103   1.21209017104148     
         105         104   1.53981261385151     
         106          97   1.21677620759186     
         106         101   1.23764313632383     
         106         105   1.27841215631499     
         107          98  0.967178204489300     
         108          99  0.967449304357152     
         109         100  0.964778301481131     
         110         102  0.930611610849550     
         111         104  0.904825491509126     
         112         105  0.953960246459791     
         113          95   1.12563534952606     
         114         113   1.34446683240574     
         115         114   1.48127181501893     
         116         115   1.33423511093033     
         117         116   1.34425774083249     
         118         113   1.34481688131716     
         118         117   1.47868299865907     
         119         114  0.969079646049696     
         120         115  0.969029791989734     
         121         117  0.965611520573597     
         122         118  0.967054257538904     
         123         116   1.14058726397037     
         124         123   2.62470674181752     
         125         124   1.14930721783380     
         126         125   1.43085985069798     
         127         126   1.35898349305681     
         128         127   1.51140675163860     
         129         128   1.29804333783834     
         130         129   1.27002257655075     
         131         130   1.55880473746573     
         132           2  0.609760196422574     
         132         131   1.24032137070503     
         133         132   1.43270252734695     
         134         125   1.20480187989685     
         134         129   1.22842798925344     
         134         133   1.31723419775050     
         135         126  0.967221867650594     
         136         127  0.967379028443406     
         137         128  0.965552226971201     
         138         130  0.960136503279870     
         139         131  0.907094096173156     
         140         133  0.918516631084260     
         142         141   2.63328068130053     
         143         142   1.13330794832305     
         144         143   1.44608201999712     
         145         144   1.34439968989304     
         146         145   1.53424460866060     
         147         146   1.27205825094398     
         148         147   1.28960460198795     
         149           1  0.578241643687279     
         149         148   1.43692495584856     
         150         149   1.22413599164957     
         151         150   1.54910450199493     
         152         143   1.21580753010811     
         152         147   1.23343441898884     
         152         151   1.28835135733343     
         153         144  0.967212432594245     
         154         145  0.966904005954930     
         155         146  0.963968316955771     
         156         148  0.918513615689519     
         157         150  0.896799621388098     
         158         151  0.953490855869454     
         159         141   1.13009222144855     
         160         159   1.33911305017534     
         161         160   1.48293851277613     
         162         161   1.33971523747800     
         163         162   1.33644629705373     
         164         159   1.34529830498548     
         164         163   1.48024358286311     
         165         160  0.966251837336166     
         166         161  0.965104220705248     
         167         163  0.969221788109698     
         168         164  0.969200547430905     
         169         162   1.14144073903751     
         170         169   2.62485699382414     
         171         170   1.15001522607950     
         172         171   1.43267302026579     
         173         172   1.35823859344109     
         174         173   1.51170735392477     
         175         174   1.29811059219689     
         176         175   1.26848204302955     
         177         176   1.56040678637085     
         178           2  0.602199566575458     
         178         177   1.23670520025463     
         179         178   1.43353020443556     
         180         171   1.20296723477602     
         180         175   1.22938513375245     
         180         179   1.31682886690478     
         181         172  0.967261734176463     
         182         173  0.967441112173320     
         183         174  0.965447121451517     
         184         176  0.959745035747340     
         185         177  0.902670877260207     
         186         179  0.919422117167287     
