   -0.08757803
   -0.05655554
   -0.02379633
   -0.03516845
    0.04359226
   -0.01833008
   -0.01923201
   -0.03150015
    0.00462280
    0.06113273
   -0.09748953
    0.03708427
   -0.02913458
    0.01441956
    0.05823461
    0.05639148
    0.06992320
    0.12070331
    0.13373358
    0.09873784
    0.03803158
   -0.02664170
   -0.03067194
    0.01404112
   -0.03004487
   -0.03321078
   -0.00256338
   -0.04262220
    0.00794911
   -0.03961701
    0.03737793
    0.03345871
    0.03927450
    0.05054783
    0.08158381
    0.07236926
    0.01092381
   -0.00340810
   -0.02832225
    0.05185926
   -0.09840272
    0.04742016
    0.08548552
    0.09727643
    0.12022350
    0.14031555
   -0.02376669
   -0.03515596
    0.04361754
   -0.01831497
   -0.01921554
   -0.03148202
    0.00462372
    0.06129453
   -0.09834248
    0.03711684
   -0.02906590
    0.01440528
    0.05828054
    0.05643345
    0.06997735
    0.12069611
    0.13375312
    0.09875463
    0.03803060
   -0.02663547
   -0.03064337
    0.01404343
   -0.03004034
   -0.03320717
   -0.00264009
   -0.04265080
    0.00792918
   -0.03957367
    0.03743856
    0.03349545
    0.03933995
    0.05059854
    0.08160664
    0.07227844
    0.01086756
   -0.00335386
   -0.02830193
    0.05200215
   -0.09868446
    0.04737056
    0.08550217
    0.09726731
    0.11990112
    0.14010281
   -0.02376724
   -0.03515877
    0.04360159
   -0.01831014
   -0.01922991
   -0.03149803
    0.00459296
    0.06126398
   -0.09832230
    0.03709824
   -0.02908447
    0.01440942
    0.05827108
    0.05646462
    0.06997908
    0.12069433
    0.13373147
    0.09876166
    0.03803469
   -0.02663121
   -0.03064623
    0.01404581
   -0.03002923
   -0.03319458
   -0.00262532
   -0.04262405
    0.00792782
   -0.03959484
    0.03741611
    0.03348928
    0.03931201
    0.05059866
    0.08159918
    0.07232066
    0.01087591
   -0.00336243
   -0.02830592
    0.05195631
   -0.09911155
    0.04747168
    0.08557083
    0.09735402
    0.12015007
    0.14023441
   -0.02379728
   -0.03519583
    0.04359240
   -0.01833579
   -0.01921797
   -0.03148229
    0.00466966
    0.06121985
   -0.09766999
    0.03709883
   -0.02905956
    0.01442397
    0.05827119
    0.05640527
    0.06994482
    0.12075288
    0.13374406
    0.09864373
    0.03802294
   -0.02664157
   -0.03064521
    0.01401018
   -0.03005433
   -0.03322918
   -0.00267405
   -0.04262599
    0.00792772
   -0.03954583
    0.03742124
    0.03352287
    0.03941602
    0.05064674
    0.08156204
    0.07211041
    0.01084151
   -0.00334575
   -0.02830098
    0.05198965
   -0.09827628
    0.04727637
    0.08549683
    0.09723784
    0.11994006
    0.14010224
