           4           3   2.63812828284283     
           5           4   1.14021188030509     
           6           5   1.44374852965057     
           7           6   1.34631126860908     
           8           7   1.53360736494896     
           9           8   1.27255035766585     
          10           9   1.28563187166492     
          11           1  0.596776100848472     
          11          10   1.45454378092289     
          12          11   1.23356648613885     
          13          12   1.54999902228046     
          14           5   1.21166385565974     
          14           9   1.23880210660867     
          14          13   1.28994771890843     
          15           6  0.968403203505238     
          16           7  0.968017031613879     
          17           8  0.964911945637707     
          18          10  0.920625406923022     
          19          12  0.893636584377053     
          20          13  0.954204769665537     
          21           3   1.13221390242483     
          22          21   1.25035068430878     
          23          22   1.57366022867337     
          24          23   1.27361760832153     
          25          24   1.27856050150325     
          26          25   1.56673618864688     
          27          26   1.26855529666351     
          28          27   1.49415589575395     
          29          24   1.24089316132364     
          29          28   1.28146626948403     
          30          21   1.45151744489346     
          30          29   1.29448300160493     
          31          22  0.970271121740106     
          32          23  0.967426890469241     
          33          25  0.966984963146755     
          34          26  0.965944117353060     
          35          28  0.960560334151773     
          36          30  0.963491961766968     
          37          27   1.05220261017442     
          38          37   1.37153599457145     
          39          38   1.44321176598726     
          40          39   1.43368324901205     
          41           2  0.593087498017973     
          41          40   1.34065943703417     
          42          37   1.38159827353896     
          42          41   1.36245721472367     
          43          38  0.961254430806064     
          44          39  0.960336035038511     
          45          40  0.907515513632191     
          46          42  0.916137333517569     
          48          47   2.63801822628782     
          49          48   1.14038819309288     
          50          49   1.44358409074259     
          51          50   1.34644394778514     
          52          51   1.53340067461511     
          53          52   1.27271803061693     
          54          53   1.28555689686706     
          55           1  0.596341471930146     
          55          54   1.45464468184570     
          56          55   1.23338497543472     
          57          56   1.55005697578382     
          58          49   1.21161911269980     
          58          53   1.23871263846776     
          58          57   1.29004120969845     
          59          50  0.968398385750037     
          60          51  0.968017921220377     
          61          52  0.964902664659018     
          62          54  0.920672444808351     
          63          56  0.893445366496128     
          64          57  0.954175288215049     
          65          47   1.13234613247414     
          66          65   1.25042679889780     
          67          66   1.57359036526144     
          68          67   1.27368867763485     
          69          68   1.27858456341653     
          70          69   1.56660945354747     
          71          70   1.26869975240655     
          72          71   1.49413441845999     
          73          68   1.24083348220018     
          73          72   1.28146497434451     
          74          65   1.45129997442116     
          74          73   1.29457169427738     
          75          66  0.970274611031985     
          76          67  0.967424636246049     
          77          69  0.966989242240992     
          78          70  0.965966257873402     
          79          72  0.960561468992609     
          80          74  0.963489152821142     
          81          71   1.05207369049451     
          82          81   1.37143031953849     
          83          82   1.44343682088647     
          84          83   1.43338421833445     
          85           2  0.592721093392224     
          85          84   1.34109689958951     
          86          81   1.38189573778439     
          86          85   1.36204079353027     
          87          82  0.961258315963625     
          88          83  0.960341888044943     
          89          84  0.908198191829469     
          90          86  0.915929372334812     
          92          91   2.63817904426361     
          93          92   1.14021700542882     
          94          93   1.44363653719130     
          95          94   1.34644600673677     
          96          95   1.53342455727159     
          97          96   1.27266766161797     
          98          97   1.28559990556925     
          99           1  0.596356660099308     
          99          98   1.45453952539161     
         100          99   1.23341924660117     
         101         100   1.55004911239603     
         102          93   1.21170688660287     
         102          97   1.23873603950143     
         102         101   1.28999634107516     
         103          94  0.968397862419307     
         104          95  0.968018921888921     
         105          96  0.964908181453829     
         106          98  0.920548978739541     
         107         100  0.893738170186260     
         108         101  0.954181225786173     
         109          91   1.13225045562431     
         110         109   1.25044660330222     
         111         110   1.57351688521154     
         112         111   1.27377596111699     
         113         112   1.27851742998184     
         114         113   1.56675207970396     
         115         114   1.26856221170162     
         116         115   1.49413433686869     
         117         112   1.24078297593389     
         117         116   1.28155328363667     
         118         109   1.45140410937559     
         118         117   1.29451041103802     
         119         110  0.970273847038333     
         120         111  0.967423744766879     
         121         113  0.966981294281475     
         122         114  0.965957467592180     
         123         116  0.960551341284171     
         124         118  0.963487255744484     
         125         115   1.05214527123581     
         126         125   1.37167395798872     
         127         126   1.44308368978940     
         128         127   1.43374747093947     
         129           2  0.592578820871794     
         129         128   1.34059989101578     
         130         125   1.38155288222501     
         130         129   1.36239849485011     
         131         126  0.961252449642647     
         132         127  0.960330098700544     
         133         128  0.907648213737748     
         134         130  0.916075323565410     
         136         135   2.63794634672224     
         137         136   1.14038682297290     
         138         137   1.44358339837929     
         139         138   1.34645621221084     
         140         139   1.53341884655111     
         141         140   1.27272819759211     
         142         141   1.28536937355228     
         143           1  0.596845966961129     
         143         142   1.45485937410838     
         144         143   1.23337625394708     
         145         144   1.55018134063653     
         146         137   1.21160494045524     
         146         141   1.23885647230626     
         146         145   1.28993246092300     
         147         138  0.968410736572260     
         148         139  0.968019484605169     
         149         140  0.964906333556547     
         150         142  0.920737835318157     
         151         144  0.893249925012230     
         152         145  0.954164447705005     
         153         135   1.13244383895833     
         154         153   1.25048444306465     
         155         154   1.57355516680771     
         156         155   1.27373288688527     
         157         156   1.27856564839947     
         158         157   1.56661237620867     
         159         158   1.26870162454397     
         160         159   1.49438762599298     
         161         156   1.24080040426563     
         161         160   1.28134319352434     
         162         153   1.45112799836481     
         162         161   1.29470585455636     
         163         154  0.970276627283740     
         164         155  0.967425614150171     
         165         157  0.966989040675010     
         166         158  0.965984831807585     
         167         160  0.960577291234964     
         168         162  0.963494127514443     
         169         159   1.05178408775528     
         170         169   1.37143384129989     
         171         170   1.44353057865256     
         172         171   1.43324602708242     
         173           2  0.593016872010815     
         173         172   1.34120197432648     
         174         169   1.38215706045357     
         174         173   1.36185600929528     
         175         170  0.961281844653152     
         176         171  0.960351129118954     
         177         172  0.908261059770355     
         178         174  0.915946136663033     
