   -0.07658861
   -0.08739630
   -0.01570593
   -0.04238594
    0.04511606
   -0.02412976
   -0.01654212
   -0.03244973
    0.02753922
   -0.03379765
    0.04154501
   -0.08768363
    0.05849124
   -0.00592706
    0.06886299
    0.05832888
    0.06023385
    0.08574990
    0.11231531
    0.12082084
    0.02371619
   -0.03304303
   -0.04734111
    0.04892413
   -0.12448402
    0.05317670
   -0.04854318
   -0.03261094
   -0.01779278
   -0.03459823
   -0.02329872
   -0.02241330
   -0.03082576
    0.04862899
    0.03936296
    0.19655573
    0.04322990
    0.05120337
    0.06822489
    0.07150427
    0.01309518
   -0.00800417
   -0.03031366
    0.04879568
   -0.08710684
    0.04192379
    0.08275321
    0.09268151
    0.12407491
    0.12091532
   -0.01752865
   -0.04285345
    0.04511103
   -0.02355414
   -0.01622369
   -0.03232917
    0.02825234
   -0.03340009
    0.04224922
   -0.09683879
    0.05857571
   -0.00689771
    0.06975409
    0.05992078
    0.06230305
    0.08793345
    0.10892213
    0.11598948
    0.02223318
   -0.03415826
   -0.05098159
    0.05303850
   -0.12555766
    0.05853396
   -0.04993305
   -0.03290289
   -0.01538893
   -0.03735459
   -0.01987427
   -0.02019886
   -0.03251855
    0.04162081
    0.03590445
    0.20271988
    0.04330271
    0.04971890
    0.06819245
    0.06974165
    0.01278977
   -0.00758257
   -0.03003826
    0.05020952
   -0.09441223
    0.04514185
    0.08146847
    0.09276361
    0.12025120
    0.12496025
   -0.01558932
   -0.04303044
    0.04318039
   -0.02340530
   -0.01623102
   -0.03190110
    0.02612411
   -0.03239220
    0.04366961
   -0.09921874
    0.05760494
   -0.01098611
    0.06809635
    0.05939010
    0.06345692
    0.08871267
    0.11943598
    0.11765912
    0.02183752
   -0.03368028
   -0.05093106
    0.05369869
   -0.12570983
    0.05858950
   -0.04981255
   -0.03272576
   -0.01594959
   -0.03715058
   -0.01994445
   -0.02038049
   -0.03246539
    0.04049204
    0.03661018
    0.20307679
    0.04261733
    0.04898335
    0.06925306
    0.07123724
    0.01294232
   -0.00713489
   -0.02990574
    0.05207173
   -0.09800883
    0.04540124
    0.08208446
    0.09217880
    0.11872837
    0.12478570
   -0.01416517
   -0.04276560
    0.04310795
   -0.02298728
   -0.01605882
   -0.03210157
    0.02645384
   -0.03279541
    0.04307694
   -0.09376842
    0.05810772
   -0.00932403
    0.06760107
    0.05934929
    0.06257060
    0.08763718
    0.11596705
    0.11997340
    0.02260335
   -0.03304987
   -0.04762862
    0.04857079
   -0.12468001
    0.05260080
   -0.04856339
   -0.03295783
   -0.01798715
   -0.03399600
   -0.02348339
   -0.02269644
   -0.03089232
    0.04735629
    0.03909344
    0.19601882
    0.04201720
    0.05006602
    0.07087440
    0.07421795
    0.01290354
   -0.00799952
   -0.03026607
    0.05127602
   -0.08461514
    0.04211057
    0.08138819
    0.09062062
    0.12415852
    0.12183306
