           4           3   2.63168110434134     
           5           4   1.13455098588508     
           6           5   1.45246218261620     
           7           6   1.34697418457268     
           8           7   1.52179990010282     
           9           8   1.29355645479277     
          10           9   1.27240904554818     
          11          10   1.55530576529164     
          12           2  0.600669599474615     
          12          11   1.24642160513751     
          13          12   1.43102788635178     
          14           5   1.19955444717799     
          14           9   1.22993765030864     
          14          13   1.31864335770598     
          15           6  0.966536304022224     
          16           7  0.967656029728780     
          17           8  0.965889912349527     
          18          10  0.960415138968406     
          19          11  0.916286717616411     
          20          13  0.909356770006890     
          21           3   1.12174541602432     
          22          21   1.30929736012631     
          23          22   1.49210552346083     
          24          23   1.34449762960728     
          25          24   1.15759205229762     
          26          25   1.18345140376102     
          27          26   1.33756325859271     
          28          27   1.49725022917459     
          29          28   1.32723711198726     
          30          29   1.39450357149615     
          31          26   1.24026555191953     
          31          30   1.39412329255452     
          32          24   1.25591524725877     
          32          31   1.14015273251732     
          33          21   1.39304867614079     
          33          32   1.37929848420064     
          34          22  0.969848619885380     
          35          23  0.965789313238783     
          36          25  0.931256036920606     
          37          27  0.966653185805461     
          38          28  0.964892097842777     
          39          30  0.960494018985584     
          40          33  0.964799732083204     
          41          29   1.07817902929667     
          42          41   1.35495117637523     
          43          42   1.45592621210619     
          44          43   1.42128944515182     
          45           1  0.603286474276102     
          45          44   1.34278678368470     
          46          41   1.36959271645986     
          46          45   1.36148018208094     
          47          42  0.959904490024452     
          48          43  0.961420293898661     
          49          44  0.909926500254428     
          50          46  0.905928175347111     
          52          51   2.63154585810547     
          53          52   1.13576697938091     
          54          53   1.45462138508370     
          55          54   1.34584178956065     
          56          55   1.52243437604780     
          57          56   1.29296114835887     
          58          57   1.27336122779352     
          59          58   1.55398174730572     
          60           1  0.595351309296063     
          60          59   1.24714572788843     
          61          60   1.42813546832108     
          62          53   1.19647412092481     
          62          57   1.22934738063998     
          62          61   1.32180837729967     
          63          54  0.966436670302439     
          64          55  0.967582924506459     
          65          56  0.965681284458030     
          66          58  0.960046261030858     
          67          59  0.921131867194931     
          68          61  0.911458442652840     
          69          51   1.12386247075666     
          70          69   1.31122927422786     
          71          70   1.49190050429227     
          72          71   1.34312711062704     
          73          72   1.16533573981204     
          74          73   1.18253022209546     
          75          74   1.33874668769617     
          76          75   1.49621013890230     
          77          76   1.32910106481750     
          78          77   1.39983151212599     
          79          74   1.24163142806894     
          79          78   1.38978381445561     
          80          72   1.25020177581000     
          80          79   1.14195615985872     
          81          69   1.38812252077486     
          81          80   1.38296840882473     
          82          70  0.970341503388990     
          83          71  0.965383765512978     
          84          73  0.929511662729578     
          85          75  0.966824493693871     
          86          76  0.966202116151200     
          87          78  0.961813618260986     
          88          81  0.964997476005700     
          89          77   1.07084776028996     
          90          89   1.35985744238153     
          91          90   1.45238848129850     
          92          91   1.42496039442738     
          93           2  0.592132899165198     
          93          92   1.34227320224746     
          94          89   1.37256334269398     
          94          93   1.36283784602323     
          95          90  0.961339182184181     
          96          91  0.961409550955149     
          97          92  0.907864313936691     
          98          94  0.908781961009978     
         100          99   2.63177591047427     
         101         100   1.13470365324680     
         102         101   1.45276035944846     
         103         102   1.34645976251885     
         104         103   1.52210281129129     
         105         104   1.29297294137607     
         106         105   1.27303080337743     
         107         106   1.55392607555087     
         108           1  0.598377405597598     
         108         107   1.24482145981789     
         109         108   1.42825399208002     
         110         101   1.19943893806864     
         110         105   1.22981170060369     
         110         109   1.31955493450062     
         111         102  0.966739348814972     
         112         103  0.967392153338114     
         113         104  0.965561982027445     
         114         106  0.960090465251944     
         115         107  0.913914880187433     
         116         109  0.912020433743349     
         117          99   1.12176935128661     
         118         117   1.30963647607208     
         119         118   1.49244704727167     
         120         119   1.34258073562792     
         121         120   1.16601817673078     
         122         121   1.18304333072590     
         123         122   1.33876730477542     
         124         123   1.49595544011827     
         125         124   1.32959048298844     
         126         125   1.40204814243055     
         127         122   1.24173319024013     
         127         126   1.38823958318506     
         128         120   1.25070287028081     
         128         127   1.14205658988242     
         129         117   1.39137704522553     
         129         128   1.38120282492051     
         130         118  0.970457875359528     
         131         119  0.965534600010120     
         132         121  0.929291019252842     
         133         123  0.966775955384677     
         134         124  0.966534362384267     
         135         126  0.962299187355220     
         136         129  0.964916791275771     
         137         125   1.06725370906253     
         138         137   1.35859209316327     
         139         138   1.45466652678621     
         140         139   1.42241826900402     
         141           2  0.590382503249174     
         141         140   1.34731202020917     
         142         137   1.37713818548337     
         142         141   1.35746363856413     
         143         138  0.961564075633812     
         144         139  0.961539031674240     
         145         140  0.911851683004009     
         146         142  0.907019243891855     
         148         147   2.63098610121566     
         149         148   1.13437425806911     
         150         149   1.45124194584753     
         151         150   1.34729609200705     
         152         151   1.52201557663710     
         153         152   1.29320586807321     
         154         153   1.27385360628139     
         155         154   1.55258657454583     
         156           1  0.603619251001966     
         156         155   1.24753868364987     
         157         156   1.42746371122650     
         158         149   1.20059382285845     
         158         153   1.22892407936011     
         158         157   1.31965864137203     
         159         150  0.966645339322482     
         160         151  0.967394900900603     
         161         152  0.965668888599554     
         162         154  0.960269959174811     
         163         155  0.917578701409004     
         164         157  0.908359016649238     
         165         147   1.11984223016925     
         166         165   1.30647489542870     
         167         166   1.49358882766119     
         168         167   1.34313115057937     
         169         168   1.15956169009030     
         170         169   1.18220695448580     
         171         170   1.33762806911773     
         172         171   1.49732255223838     
         173         172   1.32721213530376     
         174         173   1.39962452931320     
         175         170   1.24202051072244     
         175         174   1.39005688815504     
         176         168   1.25608563507565     
         176         175   1.14028181860605     
         177         165   1.39686619718780     
         177         176   1.37734149594531     
         178         166  0.969869736269280     
         179         167  0.965537230505168     
         180         169  0.931280717012984     
         181         171  0.966567941023954     
         182         172  0.965278060147663     
         183         174  0.961519498920852     
         184         177  0.964566101559843     
         185         173   1.07306695307007     
         186         185   1.35651971150770     
         187         186   1.45530307748275     
         188         187   1.42231638523044     
         189           2  0.600195090657464     
         189         188   1.34549855437525     
         190         185   1.37342084064138     
         190         189   1.35974709374163     
         191         186  0.960564075315423     
         192         187  0.961812741037746     
         193         188  0.906236559723390     
         194         190  0.908933264785839     
