   -0.06631242
   -0.10041538
   -0.01779489
   -0.04414264
    0.04529303
   -0.02369854
   -0.01674414
   -0.03261378
    0.02681594
   -0.03304161
    0.04104244
   -0.09251337
    0.05703027
   -0.00732760
    0.06845766
    0.06198616
    0.06539540
    0.09029843
    0.11657404
    0.11513580
    0.02123524
   -0.03599916
   -0.05330928
    0.05294362
   -0.13146584
    0.05888529
   -0.05202225
   -0.03092795
    0.02410808
   -0.03220636
   -0.01678559
   -0.01885587
   -0.03320057
    0.04275479
    0.03718136
    0.20151667
    0.03523411
    0.04295298
    0.06754026
    0.06538807
   -0.00959106
   -0.04556211
    0.04855617
   -0.00866439
   -0.02962108
    0.04921314
   -0.08339661
    0.04563407
    0.08091253
    0.08785750
    0.11870089
    0.12653016
   -0.01658924
   -0.04410028
    0.04460614
   -0.02401398
   -0.01561113
   -0.03253018
    0.02501831
   -0.03278640
    0.04102022
   -0.09517084
    0.05832212
   -0.00866681
    0.06734121
    0.06014699
    0.06572653
    0.09048548
    0.11820011
    0.11773859
    0.02231324
   -0.03549585
   -0.05302236
    0.05501602
   -0.13147809
    0.05940912
   -0.05229572
   -0.03109297
    0.02393069
   -0.03255501
   -0.01661001
   -0.01828424
   -0.03409783
    0.04523459
    0.03757488
    0.19991316
    0.03413624
    0.04252923
    0.06821776
    0.06573623
   -0.00968465
   -0.04582716
    0.04839396
   -0.00870801
   -0.02970406
    0.04929506
   -0.08575002
    0.04547195
    0.08062458
    0.08765355
    0.11838817
    0.12569512
   -0.01700455
   -0.04342192
    0.04488772
   -0.02399456
   -0.01589109
   -0.03228648
    0.02510616
   -0.03271125
    0.04151904
   -0.09873453
    0.05832543
   -0.00978754
    0.06938236
    0.06084382
    0.06596263
    0.09077607
    0.11656682
    0.11484238
    0.02151009
   -0.03552977
   -0.05294364
    0.05361654
   -0.13091626
    0.05909998
   -0.05191062
   -0.03070079
    0.02408174
   -0.03241461
   -0.01671520
   -0.01847058
   -0.03285133
    0.04211160
    0.03648409
    0.20146046
    0.03514059
    0.04280054
    0.06766452
    0.06564862
   -0.00959326
   -0.04573089
    0.04843492
   -0.00854017
   -0.02967429
    0.04934048
   -0.08642030
    0.04560898
    0.08097490
    0.08765283
    0.11814505
    0.12610498
   -0.01706047
   -0.04330540
    0.04488454
   -0.02399716
   -0.01584011
   -0.03228510
    0.02509199
   -0.03278389
    0.04114492
   -0.09759857
    0.05829119
   -0.00969331
    0.06917635
    0.06075748
    0.06583644
    0.09055166
    0.11597264
    0.11479365
    0.02136884
   -0.03589637
   -0.05323706
    0.05317505
   -0.13134136
    0.05893439
   -0.05198459
   -0.03075962
    0.02408946
   -0.03241542
   -0.01676383
   -0.01873457
   -0.03295024
    0.04313224
    0.03726476
    0.20170411
    0.03512208
    0.04269915
    0.06749069
    0.06553440
   -0.00973541
   -0.04574205
    0.04848196
   -0.00858041
   -0.02963204
    0.04919730
   -0.08400556
    0.04563339
    0.08087119
    0.08771600
    0.11825548
    0.12629553
