           4           3   2.63163325980938     
           5           4   1.13368211952044     
           6           5   1.45397245901999     
           7           6   1.34626075834417     
           8           7   1.52265619171136     
           9           8   1.29309552762802     
          10           9   1.27341227479405     
          11          10   1.55391359825839     
          12           1  0.607521753858075     
          12          11   1.24449897844290     
          13          12   1.42729437890886     
          14           5   1.19896782281926     
          14           9   1.22903367001947     
          14          13   1.32054794674997     
          15           6  0.966657702629251     
          16           7  0.967229148641791     
          17           8  0.965260377279473     
          18          10  0.959686233998449     
          19          11  0.918543207982346     
          20          13  0.912988530992171     
          21           3   1.12064486002304     
          22          21   1.31014362436611     
          23          22   1.49121906950276     
          24          23   1.34321342310859     
          25          24   1.16420944239435     
          26          25   1.17889777129772     
          27          26   1.33571698781086     
          28          27   1.50230436832869     
          29          28   1.30068367323092     
          30          29   1.37185962571158     
          31          26   1.24184785278642     
          31          30   1.39389058575154     
          32          24   1.25135523990082     
          32          31   1.13987450402825     
          33          21   1.39145678121174     
          33          32   1.38220395405703     
          34          22  0.970185496373554     
          35          23  0.965836178864388     
          36          25  0.929863820058240     
          37          27  0.966991316111283     
          38          28  0.970424473128575     
          39          30  0.965392599432353     
          40          33  0.965760090845168     
          41          29   1.14574741823761     
          42          41   2.62470232021114     
          43          42   1.14945725094257     
          44          43   1.32830754613719     
          45          44   1.46372030843885     
          46          45   1.41495509932056     
          47           2  0.597913619248247     
          47          46   1.34473201286194     
          48          43   1.34400653751742     
          48          47   1.36571402633543     
          49          44  0.964825368905256     
          50          45  0.962000480179667     
          51          46  0.913217361515950     
          52          48  0.907373922846970     
          54          53   2.63031539491324     
          55          54   1.13438881705473     
          56          55   1.45038991916689     
          57          56   1.34836098680302     
          58          57   1.52030650701622     
          59          58   1.29427767421239     
          60          59   1.27217288943237     
          61          60   1.55598549026883     
          62           1  0.605736976165393     
          62          61   1.24192914648369     
          63          62   1.42961859676662     
          64          55   1.20175809571017     
          64          59   1.22913687620949     
          64          63   1.31827742039120     
          65          56  0.966834721572503     
          66          57  0.967066226038990     
          67          58  0.965208867076300     
          68          60  0.959589958677767     
          69          61  0.915240935922155     
          70          63  0.914437202676454     
          71          53   1.12081390320106     
          72          71   1.30861966867792     
          73          72   1.49246376622612     
          74          73   1.34299291769813     
          75          74   1.16336782664436     
          76          75   1.18039051561765     
          77          76   1.33487755623623     
          78          77   1.50317647547655     
          79          78   1.29948181974630     
          80          79   1.37090050045998     
          81          76   1.24063939664300     
          81          80   1.39487248175666     
          82          74   1.25216533908387     
          82          81   1.13970032093925     
          83          71   1.39267769818753     
          83          82   1.38132828644457     
          84          72  0.970156425126201     
          85          73  0.966408625730467     
          86          75  0.930487171261085     
          87          77  0.967049925389011     
          88          78  0.970436444209885     
          89          80  0.965321558365713     
          90          83  0.965743177562896     
          91          79   1.14721549133415     
          92          91   2.62336675354576     
          93          92   1.15080874485743     
          94          93   1.32722660703811     
          95          94   1.46446486750558     
          96          95   1.41426377444343     
          97           2  0.595510804736729     
          97          96   1.34484180261697     
          98          93   1.34335480620091     
          98          97   1.36564225766389     
          99          94  0.964864970179328     
         100          95  0.962044440314292     
         101          96  0.913651744252019     
         102          98  0.907498975454359     
         104         103   2.63109627474732     
         105         104   1.13469747743072     
         106         105   1.45315840084483     
         107         106   1.34700117767122     
         108         107   1.52127483405627     
         109         108   1.29367826757861     
         110         109   1.27288907970100     
         111         110   1.55449765133695     
         112           1  0.601248274707123     
         112         111   1.24402293640502     
         113         112   1.42752566208624     
         114         105   1.19884583669939     
         114         109   1.22898353155050     
         114         113   1.32040892700172     
         115         106  0.966572266842284     
         116         107  0.967126572794918     
         117         108  0.965203240709488     
         118         110  0.959585988666686     
         119         111  0.918949397850032     
         120         113  0.912305692316994     
         121         103   1.12185795346482     
         122         121   1.31103037943835     
         123         122   1.49085744791683     
         124         123   1.34344419542606     
         125         124   1.16450102015468     
         126         125   1.17893881961077     
         127         126   1.33597409104032     
         128         127   1.50187617605397     
         129         128   1.30184150415963     
         130         129   1.37045405219385     
         131         126   1.24171911923938     
         131         130   1.39456415693904     
         132         124   1.25064595616283     
         132         131   1.13957041430340     
         133         121   1.38929237106583     
         133         132   1.38349789892369     
         134         122  0.970210826446782     
         135         123  0.965573525112067     
         136         125  0.929920411423602     
         137         127  0.967068376790893     
         138         128  0.970462705920024     
         139         130  0.965347179548965     
         140         133  0.965703305540261     
         141         129   1.14603973520555     
         142         141   2.62465738249186     
         143         142   1.14956946671413     
         144         143   1.32883008060029     
         145         144   1.46356876791697     
         146         145   1.41504419095987     
         147           2  0.593697286906062     
         147         146   1.34498507746697     
         148         143   1.34340087060870     
         148         147   1.36590120052298     
         149         144  0.964814923282529     
         150         145  0.962083353843748     
         151         146  0.914528703684789     
         152         148  0.906529386561391     
         154         153   2.63086500952882     
         155         154   1.13474989727776     
         156         155   1.45307343943845     
         157         156   1.34706544773889     
         158         157   1.52119125653981     
         159         158   1.29376755780838     
         160         159   1.27254883667966     
         161         160   1.55508848159061     
         162           1  0.602298408821087     
         162         161   1.24344171717284     
         163         162   1.42792953026953     
         164         155   1.19875012359816     
         164         159   1.22913942542651     
         164         163   1.32034342381168     
         165         156  0.966569678829948     
         166         157  0.967118225955270     
         167         158  0.965196890130084     
         168         160  0.959588083255344     
         169         161  0.918749637179206     
         170         163  0.913409838734764     
         171         153   1.12164016044782     
         172         171   1.31055453765141     
         173         172   1.49112771928510     
         174         173   1.34325102898676     
         175         174   1.16435834643113     
         176         175   1.17873301547671     
         177         176   1.33614986049271     
         178         177   1.50166882944965     
         179         178   1.30211276426364     
         180         179   1.37065516919103     
         181         176   1.24179562561218     
         181         180   1.39438429398720     
         182         174   1.25099299426417     
         182         181   1.13970884518850     
         183         171   1.39002122442535     
         183         182   1.38300525421484     
         184         172  0.970162177805121     
         185         173  0.965779755903385     
         186         175  0.929827908110667     
         187         177  0.967068338927955     
         188         178  0.970484303963788     
         189         180  0.965358113187454     
         190         183  0.965723747480899     
         191         179   1.14566159051334     
         192         191   2.62500039612703     
         193         192   1.14927557868711     
         194         193   1.32920416883854     
         195         194   1.46329136984844     
         196         195   1.41529677181195     
         197           2  0.596120099011176     
         197         196   1.34484761566400     
         198         193   1.34340288779762     
         198         197   1.36616823472115     
         199         194  0.964832951915858     
         200         195  0.962067998795194     
         201         196  0.914343906202630     
         202         198  0.906593455404867     
