   -0.08580356
   -0.09166975
   -0.01844896
   -0.03516528
    0.04417779
   -0.02240443
   -0.01608826
   -0.03118949
    0.02602428
   -0.03326861
    0.04234130
   -0.09705447
    0.06121597
   -0.00375699
    0.06532486
    0.05971035
    0.06467545
    0.09050319
    0.11295825
    0.12856616
    0.03975887
   -0.03397766
   -0.03340461
    0.03626161
   -0.02515575
   -0.02580360
    0.07503196
    0.07065953
    0.04696921
    0.04456670
   -0.00829013
   -0.03724063
    0.04851723
   -0.00533625
   -0.02813095
    0.05345668
   -0.08835162
    0.04430387
    0.08992552
    0.09391580
    0.12587786
    0.12189288
   -0.01848730
   -0.03517392
    0.04416974
   -0.02239814
   -0.01610691
   -0.03119938
    0.02604029
   -0.03327130
    0.04222887
   -0.09585412
    0.06110431
   -0.00365375
    0.06522725
    0.05966233
    0.06459788
    0.09043073
    0.11306440
    0.12874427
    0.03974143
   -0.02581745
   -0.02517902
    0.03624408
   -0.03340267
   -0.03396059
    0.04450567
    0.04690763
    0.07068666
    0.07510143
   -0.00834143
   -0.03727247
    0.04854840
   -0.00535327
   -0.02813530
    0.05334571
   -0.08747636
    0.04428820
    0.08986023
    0.09386172
    0.12589629
    0.12192736
   -0.01847336
   -0.03519696
    0.04418262
   -0.02241786
   -0.01610257
   -0.03120367
    0.02604502
   -0.03324973
    0.04228115
   -0.09608049
    0.06110314
   -0.00365442
    0.06530617
    0.05968705
    0.06460220
    0.09043705
    0.11298618
    0.12887597
    0.03965234
   -0.03389067
   -0.03335520
    0.03619226
   -0.02529694
   -0.02590134
    0.07487584
    0.07044785
    0.04707344
    0.04473187
   -0.00830641
   -0.03725992
    0.04857736
   -0.00532718
   -0.02812513
    0.05338344
   -0.08746824
    0.04426606
    0.08990335
    0.09387557
    0.12590293
    0.12203624
   -0.01840491
   -0.03520393
    0.04421249
   -0.02240802
   -0.01608747
   -0.03118284
    0.02603750
   -0.03324173
    0.04234267
   -0.09726931
    0.06124052
   -0.00376346
    0.06538965
    0.05975970
    0.06463174
    0.09051807
    0.11287691
    0.12880850
    0.03962329
   -0.03384644
   -0.03330564
    0.03620130
   -0.02534016
   -0.02592980
    0.07463020
    0.07025737
    0.04722568
    0.04488864
   -0.00821327
   -0.03722080
    0.04856188
   -0.00531950
   -0.02813354
    0.05348906
   -0.08828238
    0.04425805
    0.08997924
    0.09397109
    0.12592146
    0.12201737
