           4           3   2.62621405258481     
           5           4   1.14678727479626     
           6           5   1.43411775113533     
           7           6   1.35666823984819     
           8           7   1.51380611247272     
           9           8   1.29669137827445     
          10           9   1.26899023434487     
          11          10   1.56042257912570     
          12           1  0.597987432442528     
          12          11   1.23881159220894     
          13          12   1.43754957066615     
          14           5   1.20538073106503     
          14           9   1.23066681201571     
          14          13   1.31399598972054     
          15           6  0.967103209418967     
          16           7  0.967212353883832     
          17           8  0.965252764169026     
          18          10  0.959571960016595     
          19          11  0.900633838254579     
          20          13  0.919420541748481     
          21           3   1.14012558358657     
          22          21   1.34044433761087     
          23          22   1.48372769151423     
          24          23   1.33559840209797     
          25          24   1.34068969505331     
          26          21   1.33589795403198     
          26          25   1.48202281497390     
          27          22  0.964931941208897     
          28          23  0.965952704074158     
          29          25  0.968622538277874     
          30          26  0.968965154482561     
          31          24   1.13816966901699     
          32          31   2.63549601654970     
          33          32   1.13673507112815     
          34          33   1.33748321497824     
          35          34   1.45992465148679     
          36          35   1.41649768235914     
          37           2  0.594141549828036     
          37          36   1.35046789931730     
          38          33   1.35111240425161     
          38          37   1.36015406224411     
          39          34  0.963122964068037     
          40          35  0.961052110726270     
          41          36  0.920739810039689     
          42          38  0.898941139750385     
          44          43   2.62636589793643     
          45          44   1.14668298589885     
          46          45   1.43419099071920     
          47          46   1.35666215784276     
          48          47   1.51381269082157     
          49          48   1.29666662763205     
          50          49   1.26904263020498     
          51          50   1.56041596722123     
          52           1  0.598959806607626     
          52          51   1.23879726248788     
          53          52   1.43778267859906     
          54          45   1.20538311927104     
          54          49   1.23070826113672     
          54          53   1.31390324053057     
          55          46  0.967097055902708     
          56          47  0.967217181918805     
          57          48  0.965254997924894     
          58          50  0.959576911256629     
          59          51  0.900328659352723     
          60          53  0.919487294099243     
          61          43   1.14009628534937     
          62          61   1.33600297085627     
          63          62   1.48189993387923     
          64          63   1.34084907895377     
          65          64   1.33539113862375     
          66          61   1.34034334694921     
          66          65   1.48390288101661     
          67          62  0.968969781811353     
          68          63  0.968629401033976     
          69          65  0.965949555132283     
          70          66  0.964912869575442     
          71          64   1.13819200140094     
          72          71   2.63540908423755     
          73          72   1.13673119137988     
          74          73   1.33748268577430     
          75          74   1.46002454352822     
          76          75   1.41632635660005     
          77           2  0.594810913570922     
          77          76   1.35066035202428     
          78          73   1.35111967505112     
          78          77   1.36009023640493     
          79          74  0.963130442077797     
          80          75  0.961075563272445     
          81          76  0.920803487447615     
          82          78  0.898759746794263     
          84          83   2.62641511895860     
          85          84   1.14657638817944     
          86          85   1.43422332219521     
          87          86   1.35663047927764     
          88          87   1.51380915591728     
          89          88   1.29671107438410     
          90          89   1.26901236493206     
          91          90   1.56050229291039     
          92           1  0.598981445098740     
          92          91   1.23879478634143     
          93          92   1.43779101876843     
          94          85   1.20546343413507     
          94          89   1.23068428089763     
          94          93   1.31385713759695     
          95          86  0.967089157035375     
          96          87  0.967214082184146     
          97          88  0.965259278254527     
          98          90  0.959570653253867     
          99          91  0.900256034811529     
         100          93  0.919453232583784     
         101          83   1.13983153779836     
         102         101   1.34078534159013     
         103         102   1.48347184511936     
         104         103   1.33586384038960     
         105         104   1.34087866876162     
         106         101   1.33597395939426     
         106         105   1.48186468831243     
         107         102  0.964953761888764     
         108         103  0.965997894743542     
         109         105  0.968600427830325     
         110         106  0.968931129954050     
         111         104   1.13776508362456     
         112         111   2.63560682013164     
         113         112   1.13626806315900     
         114         113   1.33771618931187     
         115         114   1.45990747910039     
         116         115   1.41640765833773     
         117           2  0.594712135756796     
         117         116   1.35080194070722     
         118         113   1.35145253995662     
         118         117   1.35987098500867     
         119         114  0.963116422613802     
         120         115  0.961067284114857     
         121         116  0.920824911936271     
         122         118  0.898732202607383     
         124         123   2.62653702386502     
         125         124   1.14637846956746     
         126         125   1.43431431265268     
         127         126   1.35661824869046     
         128         127   1.51374919031555     
         129         128   1.29684710835623     
         130         129   1.26901955982336     
         131         130   1.56045268160007     
         132           1  0.598025532500428     
         132         131   1.23876341813593     
         133         132   1.43772260995842     
         134         125   1.20558718100246     
         134         129   1.23056513827605     
         134         133   1.31382090595511     
         135         126  0.967078153309725     
         136         127  0.967211269822494     
         137         128  0.965246563072939     
         138         130  0.959574503455060     
         139         131  0.900470034759951     
         140         133  0.919367916457232     
         141         123   1.13960914645263     
         142         141   1.34104103259973     
         143         142   1.48319775292176     
         144         143   1.33621062320991     
         145         144   1.34078951094978     
         146         141   1.33601883913634     
         146         145   1.48182712312841     
         147         142  0.964987440757121     
         148         143  0.966024108674340     
         149         145  0.968586791141357     
         150         146  0.968911443573811     
         151         144   1.13760177351858     
         152         151   2.63553257464204     
         153         152   1.13619723995770     
         154         153   1.33781546208525     
         155         154   1.45975520254472     
         156         155   1.41660670120950     
         157           2  0.594038139085191     
         157         156   1.35061096040331     
         158         153   1.35145743222818     
         158         157   1.35995929486382     
         159         154  0.963114704318365     
         160         155  0.961051766840896     
         161         156  0.920708280399285     
         162         158  0.898969595820583     
