   -0.07677093
   -0.05577687
   -0.00558297
   -0.02994310
    0.04926768
   -0.00396617
   -0.02712918
    0.05676712
   -0.09767245
    0.04528363
    0.08836983
    0.09237750
    0.12524342
    0.13754548
    0.04030557
   -0.02187126
   -0.02451544
   -0.02512810
   -0.00130163
   -0.04034478
    0.05494617
    0.04644704
    0.05577580
    0.08747179
    0.00957623
   -0.00203769
   -0.02700965
    0.05680362
   -0.10508599
    0.04651205
    0.08760132
    0.09933909
    0.12760826
    0.13739215
   -0.00559161
   -0.02995964
    0.04926795
   -0.00397286
   -0.02713711
    0.05672671
   -0.09750144
    0.04530172
    0.08836155
    0.09237398
    0.12524712
    0.13755825
    0.04030782
   -0.02187625
   -0.02451499
   -0.02514044
   -0.00130028
   -0.04036090
    0.05493910
    0.04643033
    0.05578313
    0.08747667
    0.00958276
   -0.00203259
   -0.02699832
    0.05680041
   -0.10483267
    0.04646750
    0.08757574
    0.09930121
    0.12759743
    0.13736703
   -0.00558032
   -0.02994811
    0.04927318
   -0.00395401
   -0.02711716
    0.05673800
   -0.09759931
    0.04529474
    0.08835649
    0.09237103
    0.12527033
    0.13756031
    0.04030054
   -0.02186493
   -0.02450485
   -0.02511791
   -0.00125662
   -0.04034858
    0.05494056
    0.04640262
    0.05574481
    0.08749120
    0.00958991
   -0.00206518
   -0.02701768
    0.05677603
   -0.10491390
    0.04650866
    0.08758622
    0.09932855
    0.12760852
    0.13743193
   -0.00558331
   -0.02996306
    0.04929031
   -0.00395645
   -0.02713315
    0.05677248
   -0.09774711
    0.04528235
    0.08838408
    0.09237940
    0.12524629
    0.13755640
    0.04030873
   -0.02186821
   -0.02450923
   -0.02512689
   -0.00130612
   -0.04036616
    0.05496028
    0.04644370
    0.05579012
    0.08749975
    0.00957030
   -0.00203307
   -0.02700131
    0.05683199
   -0.10515311
    0.04649939
    0.08761663
    0.09932656
    0.12758825
    0.13737027
