           4           3   2.65164605285742     
           5           4   1.13447557955818     
           6           5   1.33796698109427     
           7           6   1.45796557062499     
           8           7   1.41878016312259     
           9           1  0.591806382258799     
           9           8   1.34927289984574     
          10           5   1.35547037648036     
          10           9   1.35791650432539     
          11           6  0.963520426193357     
          12           7  0.961288814667406     
          13           8  0.915483866430515     
          14          10  0.900519620976570     
          15           3   1.12821267133675     
          16          15   1.34937111361876     
          17          16   1.44950662238868     
          18          17   1.44210115653498     
          19          18   1.37169283923553     
          20          15   1.36361787207986     
          20          19   1.40173439120309     
          21          16  0.969091808456685     
          22          17  0.968397315653526     
          23          18  0.965940723894399     
          24          20  0.961299365148139     
          25          19   1.05144738151677     
          26          25   1.37052312641488     
          27          26   1.44552024942060     
          28          27   1.43060441091466     
          29           2  0.591430718338621     
          29          28   1.34518798800767     
          30          25   1.38636052554723     
          30          29   1.35620585189516     
          31          26  0.960782810139503     
          32          27  0.960096747524502     
          33          28  0.908833613704591     
          34          30  0.910303883703651     
          36          35   2.65161647525198     
          37          36   1.13445799470981     
          38          37   1.33811406109944     
          39          38   1.45783222291674     
          40          39   1.41888613411054     
          41           1  0.591912525941773     
          41          40   1.34916256665629     
          42          37   1.35533398622828     
          42          41   1.35808377116185     
          43          38  0.963522009414610     
          44          39  0.961297946289047     
          45          40  0.915483619348098     
          46          42  0.900514856673207     
          47          35   1.12824154528862     
          48          47   1.34943398009504     
          49          48   1.44949209650186     
          50          49   1.44208777050811     
          51          50   1.37172016061328     
          52          47   1.36352460425873     
          52          51   1.40179410250279     
          53          48  0.969088497491820     
          54          49  0.968397188632467     
          55          50  0.965949390453269     
          56          52  0.961303271169245     
          57          51   1.05138099176560     
          58          57   1.37047100776281     
          59          58   1.44555626101391     
          60          59   1.43059249464882     
          61           2  0.591644900920933     
          61          60   1.34524851816809     
          62          57   1.38648219802656     
          62          61   1.35611785580344     
          63          58  0.960794520304099     
          64          59  0.960094325308307     
          65          60  0.908918336976713     
          66          62  0.910257558048184     
          68          67   2.65162692894126     
          69          68   1.13446490846440     
          70          69   1.33790006582981     
          71          70   1.45806052879980     
          72          71   1.41872925378811     
          73           1  0.591963741308685     
          73          72   1.34923471207333     
          74          69   1.35551890936779     
          74          73   1.35791589800445     
          75          70  0.963510325006509     
          76          71  0.961279575099785     
          77          72  0.915473053606236     
          78          74  0.900536919062196     
          79          67   1.12827928446833     
          80          79   1.34932560847882     
          81          80   1.44954187463954     
          82          81   1.44208340137941     
          83          82   1.37166576117638     
          84          79   1.36357985760485     
          84          83   1.40172657890395     
          85          80  0.969090540084418     
          86          81  0.968393079066495     
          87          82  0.965926442620332     
          88          84  0.961294025534978     
          89          83   1.05153733527812     
          90          89   1.37046514170616     
          91          90   1.44547794781242     
          92          91   1.43070469284591     
          93           2  0.591610846379489     
          93          92   1.34511482755199     
          94          89   1.38634795844012     
          94          93   1.35623194787268     
          95          90  0.960786045837015     
          96          91  0.960096364197710     
          97          92  0.908794001414804     
          98          94  0.910310208883519     
         100          99   2.65154953681665     
         101         100   1.13447223444605     
         102         101   1.33797813574340     
         103         102   1.45793438211421     
         104         103   1.41879110528570     
         105           1  0.591819378136753     
         105         104   1.34928220058810     
         106         101   1.35550872402094     
         106         105   1.35784027358657     
         107         102  0.963515164128701     
         108         103  0.961289249651775     
         109         104  0.915481834414969     
         110         106  0.900540784707952     
         111          99   1.12832445923512     
         112         111   1.34933244422891     
         113         112   1.44955058250396     
         114         113   1.44203606388069     
         115         114   1.37176399629420     
         116         111   1.36355164003168     
         116         115   1.40172551256081     
         117         112  0.969086001649667     
         118         113  0.968395704080589     
         119         114  0.965937192712449     
         120         116  0.961302913824578     
         121         115   1.05140832505577     
         122         121   1.37041592231737     
         123         122   1.44560264014941     
         124         123   1.43053676930695     
         125           2  0.591437671988629     
         125         124   1.34528490182547     
         126         121   1.38652515429194     
         126         125   1.35602852066140     
         127         122  0.960786060328253     
         128         123  0.960091245414690     
         129         124  0.908917811244848     
         130         126  0.910263901173576     
