   -0.08196567
   -0.08149982
   -0.01861141
   -0.04512163
    0.04545115
   -0.02378582
   -0.01645536
   -0.03295691
    0.02771605
   -0.03375919
    0.04105999
   -0.08735215
    0.05792200
   -0.00407129
    0.06504712
    0.05891412
    0.06299096
    0.08774955
    0.11311471
    0.11603734
    0.02251053
   -0.03500375
   -0.05284760
    0.05515288
   -0.13159452
    0.05952201
   -0.05211990
   -0.03102590
    0.02426569
   -0.03237756
   -0.01658213
   -0.01813003
   -0.03479881
    0.04323141
    0.03603304
    0.19950517
    0.03433089
    0.04409820
    0.06790947
    0.06515747
   -0.00935094
   -0.04479411
    0.04907272
   -0.00867400
   -0.02935182
    0.04721747
   -0.08589165
    0.04556082
    0.08314776
    0.09023903
    0.11819579
    0.12825139
   -0.01731590
   -0.04449192
    0.04487113
   -0.02416095
   -0.01693235
   -0.03289291
    0.02699122
   -0.03343207
    0.04147818
   -0.09213977
    0.05738647
   -0.00721452
    0.06736158
    0.06009071
    0.06283329
    0.08684544
    0.11420544
    0.11447068
    0.02135639
   -0.03434558
   -0.05037884
    0.05388087
   -0.12595187
    0.05356174
   -0.05006623
   -0.03026902
    0.02032778
   -0.02856831
   -0.02418944
   -0.02266513
   -0.03248630
    0.04438479
    0.03791051
    0.19729204
    0.03498101
    0.04366734
    0.07215262
    0.07020723
   -0.00649583
   -0.04457275
    0.04690881
   -0.00841604
   -0.02931110
    0.04928020
   -0.09177032
    0.04267407
    0.08502209
    0.08973624
    0.11808479
    0.12825145
   -0.01726773
   -0.04464850
    0.04480067
   -0.02426720
   -0.01688793
   -0.03289334
    0.02692875
   -0.03343132
    0.04171433
   -0.09309744
    0.05746872
   -0.00707678
    0.06697993
    0.05988354
    0.06272846
    0.08680957
    0.11457191
    0.11446792
    0.02164862
   -0.03410525
   -0.05038702
    0.05428039
   -0.12628443
    0.05388720
   -0.05035016
   -0.03055498
    0.01998278
   -0.02840900
   -0.02439185
   -0.02252762
   -0.03258973
    0.04424429
    0.03744641
    0.19774083
    0.03513402
    0.04386632
    0.07212438
    0.07027600
   -0.00642569
   -0.04455180
    0.04669061
   -0.00831555
   -0.02931853
    0.04944179
   -0.09258225
    0.04258310
    0.08494929
    0.08995168
    0.11845511
    0.12769746
   -0.01853605
   -0.04507926
    0.04547232
   -0.02375764
   -0.01642965
   -0.03292454
    0.02772702
   -0.03372728
    0.04107183
   -0.08797477
    0.05807652
   -0.00408964
    0.06513761
    0.05896169
    0.06303506
    0.08775016
    0.11300290
    0.11624618
    0.02256339
   -0.03501071
   -0.05283917
    0.05517604
   -0.13157131
    0.05957431
   -0.05209129
   -0.03099228
    0.02423524
   -0.03239922
   -0.01653654
   -0.01803282
   -0.03473331
    0.04324332
    0.03601649
    0.19949228
    0.03428688
    0.04408265
    0.06786194
    0.06507093
   -0.00930159
   -0.04484051
    0.04906061
   -0.00866291
   -0.02934437
    0.04718282
   -0.08672191
    0.04559226
    0.08326056
    0.09030725
    0.11801568
    0.12827321
