           4           3   2.63241997714915     
           5           4   1.13350825515758     
           6           5   1.45202417549926     
           7           6   1.34726182897780     
           8           7   1.52205960063625     
           9           8   1.29351482662755     
          10           9   1.27281551616248     
          11          10   1.55558066536610     
          12           2  0.600047259393756     
          12          11   1.24493064992701     
          13          12   1.43254401193999     
          14           5   1.20174514957712     
          14           9   1.22992006303898     
          14          13   1.31792212601565     
          15           6  0.967148896611071     
          16           7  0.967571898832718     
          17           8  0.965529445379537     
          18          10  0.960131633382299     
          19          11  0.916937613926620     
          20          13  0.915279396674286     
          21           3   1.12116448095339     
          22          21   1.31112075493987     
          23          22   1.49141799740168     
          24          23   1.34390024466302     
          25          24   1.16324041055688     
          26          25   1.17982395930803     
          27          26   1.33504113375814     
          28          27   1.50302134920378     
          29          28   1.29975310139810     
          30          29   1.36952934553948     
          31          26   1.24033753868063     
          31          30   1.39569376915853     
          32          24   1.25152407376457     
          32          31   1.13959540752279     
          33          21   1.39020259581860     
          33          32   1.38246933531561     
          34          22  0.970423858043152     
          35          23  0.966687452883980     
          36          25  0.930713911235681     
          37          27  0.967102818633394     
          38          28  0.970302327146914     
          39          30  0.965278699075424     
          40          33  0.965765364030306     
          41          29   1.14846591192500     
          42          41   2.62226289047269     
          43          42   1.15215514415811     
          44          43   1.32793029940802     
          45          44   1.46188399337726     
          46          45   1.41690555661432     
          47           1  0.604176755099128     
          47          46   1.33875591091380     
          48          43   1.34040312243681     
          48          47   1.36823862893773     
          49          44  0.964396154013755     
          50          45  0.961441399197857     
          51          46  0.911311733209206     
          52          48  0.911576765551557     
          54          53   2.63013361001261     
          55          54   1.13422546549847     
          56          55   1.45273650014763     
          57          56   1.34667833846427     
          58          57   1.52266277716891     
          59          58   1.29268514343636     
          60          59   1.27418845741095     
          61          60   1.55297484159874     
          62           2  0.597427898874099     
          62          61   1.24753924338882     
          63          62   1.42865484411453     
          64          55   1.19926562527789     
          64          59   1.22922230174628     
          64          63   1.32097540850912     
          65          56  0.966826538876838     
          66          57  0.967460805808091     
          67          58  0.965627245820700     
          68          60  0.960387984032058     
          69          61  0.919664848037556     
          70          63  0.912194841884071     
          71          53   1.12062677973751     
          72          71   1.30684554458276     
          73          72   1.49364710920180     
          74          73   1.34229123786135     
          75          74   1.16328634213760     
          76          75   1.18147815820696     
          77          76   1.33253678070066     
          78          77   1.50347303582240     
          79          78   1.29848503445375     
          80          79   1.37016624696569     
          81          76   1.24064976688451     
          81          80   1.39446263311951     
          82          74   1.25302776103751     
          82          81   1.13919810213634     
          83          71   1.39408288554546     
          83          82   1.38007776908802     
          84          72  0.970205622170542     
          85          73  0.966316022579829     
          86          75  0.931383400659805     
          87          77  0.966851611333245     
          88          78  0.970202565023792     
          89          80  0.964711993690109     
          90          83  0.965084861383594     
          91          79   1.14849691028286     
          92          91   2.62173530285626     
          93          92   1.15221318049199     
          94          93   1.32504366383170     
          95          94   1.46594750966834     
          96          95   1.41238508468318     
          97           1  0.600437977039125     
          97          96   1.34482265245530     
          98          93   1.34355927452062     
          98          97   1.36154536135360     
          99          94  0.964074135666024     
         100          95  0.961601451313006     
         101          96  0.916046751411694     
         102          98  0.907098118755918     
         104         103   2.62971513634510     
         105         104   1.13485361702679     
         106         105   1.45121916672121     
         107         106   1.34754783392801     
         108         107   1.52190485876073     
         109         108   1.29316884128028     
         110         109   1.27403372196214     
         111         110   1.55324705343085     
         112           1  0.596656185281898     
         112         111   1.24714150471355     
         113         112   1.42881987963597     
         114         105   1.20000669630026     
         114         109   1.22888673573731     
         114         113   1.32084322979984     
         115         106  0.966899826104761     
         116         107  0.967451785371941     
         117         108  0.965626147433565     
         118         110  0.960391364856032     
         119         111  0.918821429870829     
         120         113  0.912751577522586     
         121         103   1.12099552635700     
         122         121   1.30617659638144     
         123         122   1.49412580239099     
         124         123   1.34202561414053     
         125         124   1.16351365509382     
         126         125   1.18167621919667     
         127         126   1.33239491515677     
         128         127   1.50375113757835     
         129         128   1.29772922800166     
         130         129   1.37047566647087     
         131         126   1.24034349113399     
         131         130   1.39456306272426     
         132         124   1.25295138223660     
         132         131   1.13935842881184     
         133         121   1.39421122056023     
         133         132   1.38001870434032     
         134         122  0.970195717795586     
         135         123  0.966328084795102     
         136         125  0.931199749047376     
         137         127  0.966808756738691     
         138         128  0.970164359928747     
         139         130  0.964722335771758     
         140         133  0.965082549894393     
         141         129   1.14866006027824     
         142         141   2.62139714338780     
         143         142   1.15235698629784     
         144         143   1.32466359862994     
         145         144   1.46623854469722     
         146         145   1.41213040729555     
         147           2  0.599940749164050     
         147         146   1.34481456879225     
         148         143   1.34370364197528     
         148         147   1.36145119324145     
         149         144  0.964081387053868     
         150         145  0.961548706073824     
         151         146  0.915637219974788     
         152         148  0.907701848691983     
         154         153   2.63263937223680     
         155         154   1.13337919450457     
         156         155   1.45205471616208     
         157         156   1.34734782056689     
         158         157   1.52199399586808     
         159         158   1.29357812844652     
         160         159   1.27278475554553     
         161         160   1.55564692719526     
         162           1  0.599572509616640     
         162         161   1.24487599648704     
         163         162   1.43246490832517     
         164         155   1.20179302959605     
         164         159   1.22986207889194     
         164         163   1.31802732278988     
         165         156  0.967143797783489     
         166         157  0.967556629391935     
         167         158  0.965532620839039     
         168         160  0.960129996275654     
         169         161  0.917003525302716     
         170         163  0.915059943118568     
         171         153   1.12099026227055     
         172         171   1.31151022627548     
         173         172   1.49113168288786     
         174         173   1.34413919767943     
         175         174   1.16305057070872     
         176         175   1.17999433857481     
         177         176   1.33502110335888     
         178         177   1.50306392270230     
         179         178   1.29983972761496     
         180         179   1.36926516964184     
         181         176   1.24017710484338     
         181         180   1.39580940393713     
         182         174   1.25146884103136     
         182         181   1.13969661977495     
         183         171   1.39007521608705     
         183         182   1.38249195436921     
         184         172  0.970425572421963     
         185         173  0.966702229258845     
         186         175  0.930735695753766     
         187         177  0.967106170035598     
         188         178  0.970310968747076     
         189         180  0.965285838757117     
         190         183  0.965769233698492     
         191         179   1.14859580766514     
         192         191   2.62212682523035     
         193         192   1.15227526693711     
         194         193   1.32782660371899     
         195         194   1.46197902317105     
         196         195   1.41681508515888     
         197           2  0.603555589214560     
         197         196   1.33878429706662     
         198         193   1.34033658807053     
         198         197   1.36807891767734     
         199         194  0.964380916243096     
         200         195  0.961430437290590     
         201         196  0.911636817328322     
         202         198  0.911222754245630     
