   -0.06602062
   -0.06603203
   -0.01641554
   -0.04250915
    0.04527756
   -0.02323374
   -0.01593506
   -0.03227217
    0.02866662
   -0.03252967
    0.04334174
   -0.09434251
    0.05666348
   -0.00582808
    0.06597824
    0.05702300
    0.06087773
    0.08678646
    0.11455766
    0.11877744
    0.02270539
   -0.03068670
   -0.04705387
    0.05192812
   -0.12454374
    0.05332696
   -0.04899208
   -0.03041039
   -0.02537612
   -0.03285235
   -0.03200723
   -0.02892192
   -0.03135632
    0.04536637
    0.03808697
    0.20303235
    0.04417658
    0.05265732
    0.07474792
    0.07867141
    0.00706186
   -0.00605772
   -0.02985734
    0.04952868
   -0.09834496
    0.04418692
    0.08177868
    0.09306250
    0.12109404
    0.12498123
   -0.01641956
   -0.04251640
    0.04526549
   -0.02322685
   -0.01593211
   -0.03226941
    0.02866556
   -0.03253062
    0.04332954
   -0.09431283
    0.05665695
   -0.00582357
    0.06598299
    0.05701588
    0.06088917
    0.08678502
    0.11457910
    0.11880237
    0.02268229
   -0.03066956
   -0.04704115
    0.05191933
   -0.12450463
    0.05330240
   -0.04899084
   -0.03042094
   -0.02535638
   -0.03283921
   -0.03198650
   -0.02894028
   -0.03135904
    0.04535011
    0.03808118
    0.20302168
    0.04417945
    0.05265529
    0.07473250
    0.07867192
    0.00706040
   -0.00605278
   -0.02984209
    0.04951560
   -0.09833640
    0.04419907
    0.08176054
    0.09306009
    0.12109667
    0.12497147
   -0.01740288
   -0.04275207
    0.04508538
   -0.02264869
   -0.01583256
   -0.03187518
    0.02917302
   -0.03277728
    0.04406968
   -0.09567020
    0.05560639
   -0.00780417
    0.06762797
    0.05824675
    0.06205208
    0.08715355
    0.10761623
    0.11409359
    0.01985384
   -0.03389001
   -0.04586948
    0.04633669
   -0.11929253
    0.05176738
   -0.04572041
   -0.03125828
   -0.01964600
   -0.03353103
   -0.02608583
   -0.02573895
   -0.03140737
    0.04531729
    0.03969518
    0.19693755
    0.04308756
    0.05094323
    0.07278782
    0.07387529
    0.01292908
   -0.00661550
   -0.02959701
    0.04879617
   -0.09169661
    0.04015901
    0.08285532
    0.09141422
    0.12249783
    0.12833899
   -0.01739136
   -0.04275511
    0.04507868
   -0.02265478
   -0.01584290
   -0.03188701
    0.02917766
   -0.03278726
    0.04404536
   -0.09567336
    0.05559801
   -0.00779262
    0.06761706
    0.05825675
    0.06206056
    0.08716525
    0.10761033
    0.11407900
    0.01985345
   -0.03389211
   -0.04586218
    0.04635259
   -0.11932573
    0.05175090
   -0.04570023
   -0.03125618
   -0.01962885
   -0.03351689
   -0.02607554
   -0.02573233
   -0.03140687
    0.04532207
    0.03970664
    0.19695510
    0.04308496
    0.05094317
    0.07278409
    0.07386553
    0.01291793
   -0.00662078
   -0.02959675
    0.04878022
   -0.09166310
    0.04015188
    0.08283211
    0.09142632
    0.12249291
    0.12832350
