           4           3   2.62824844323792     
           5           4   1.13910016732783     
           6           5   1.44826092474584     
           7           6   1.34882525317415     
           8           7   1.51996989566660     
           9           8   1.29418194621775     
          10           9   1.27400212995208     
          11          10   1.55235776022565     
          12           2  0.605691527230423     
          12          11   1.24726830069555     
          13          12   1.42470024746310     
          14           5   1.19841377647191     
          14           9   1.22769149324099     
          14          13   1.32325070643959     
          15           6  0.967096015562447     
          16           7  0.967870532936739     
          17           8  0.965907200921274     
          18          10  0.960416084960512     
          19          11  0.919427773051486     
          20          13  0.909914607751636     
          21           3   1.12530663485136     
          22          21   1.30305333396428     
          23          22   1.49737866381279     
          24          23   1.34043003275295     
          25          24   1.16327100498900     
          26          25   1.18443299292134     
          27          26   1.33702513713360     
          28          27   1.49807671251529     
          29          28   1.32446947612925     
          30          29   1.39830135510273     
          31          26   1.23982029354117     
          31          30   1.39119356437737     
          32          24   1.25406488941233     
          32          31   1.14014836079426     
          33          21   1.39344149714892     
          33          32   1.37868423239174     
          34          22  0.970047790485612     
          35          23  0.966267518061371     
          36          25  0.929029894760475     
          37          27  0.966528733902141     
          38          28  0.963998062862668     
          39          30  0.960717732417543     
          40          33  0.963785988685076     
          41          29   1.07552482683476     
          42          41   1.35365656821235     
          43          42   1.45605433634937     
          44          43   1.42240352443396     
          45           1  0.595622974889748     
          45          44   1.34241429911691     
          46          41   1.37412787647417     
          46          45   1.35804050336184     
          47          42  0.959259491947161     
          48          43  0.961231862394836     
          49          44  0.912982415625523     
          50          46  0.911244096240163     
          52          51   2.62847396294940     
          53          52   1.13891663980388     
          54          53   1.44837378309149     
          55          54   1.34877384342413     
          56          55   1.52001917127028     
          57          56   1.29416321777769     
          58          57   1.27399430620970     
          59          58   1.55233379643769     
          60           1  0.605691199082654     
          60          59   1.24727622043265     
          61          60   1.42476069418040     
          62          53   1.19848095026440     
          62          57   1.22773697592379     
          62          61   1.32315501534851     
          63          54  0.967092189036180     
          64          55  0.967869481567919     
          65          56  0.965906704495862     
          66          58  0.960420572448327     
          67          59  0.919441907652409     
          68          61  0.909897775058629     
          69          51   1.12522327441794     
          70          69   1.30297138485362     
          71          70   1.49753764028262     
          72          71   1.34030163698780     
          73          72   1.16338446018991     
          74          73   1.18438334529643     
          75          74   1.33711574241894     
          76          75   1.49800416281479     
          77          76   1.32449030043994     
          78          77   1.39825527528289     
          79          74   1.23973684577001     
          79          78   1.39124699334535     
          80          72   1.25405121160456     
          80          79   1.14020922920183     
          81          69   1.39355680501432     
          81          80   1.37860726034338     
          82          70  0.970037715171897     
          83          71  0.966259073212101     
          84          73  0.929030683424290     
          85          75  0.966529365902700     
          86          76  0.963995057297342     
          87          78  0.960707569989519     
          88          81  0.963788412419019     
          89          77   1.07556679019130     
          90          89   1.35369269717999     
          91          90   1.45600345837143     
          92          91   1.42251275437673     
          93           2  0.595636260702600     
          93          92   1.34225715777525     
          94          89   1.37401127165709     
          94          93   1.35818680687545     
          95          90  0.959251356255864     
          96          91  0.961222664399076     
          97          92  0.912980254622746     
          98          94  0.911227220250836     
         100          99   2.63465555597817     
         101         100   1.13217121061750     
         102         101   1.45885485971619     
         103         102   1.34298208546961     
         104         103   1.52559333480577     
         105         104   1.29093285528347     
         106         105   1.27492061611465     
         107         106   1.55215713636792     
         108           2  0.591886802543432     
         108         107   1.24925535764210     
         109         108   1.42938910751305     
         110         101   1.19673382230686     
         110         105   1.23044638459229     
         110         109   1.32129691931210     
         111         102  0.966758111219648     
         112         103  0.967826954362558     
         113         104  0.965716798309362     
         114         106  0.960315072602057     
         115         107  0.922097739914875     
         116         109  0.916135090128456     
         117          99   1.12128831210965     
         118         117   1.31484163219383     
         119         118   1.48963393135729     
         120         119   1.34479641915735     
         121         120   1.16104712141847     
         122         121   1.18498154623512     
         123         122   1.33575140003741     
         124         123   1.49964413893209     
         125         124   1.32572315493616     
         126         125   1.39501478355155     
         127         122   1.24007661343843     
         127         126   1.39261532778860     
         128         120   1.25265812787559     
         128         127   1.14115695219390     
         129         117   1.38806761459813     
         129         128   1.38092360354790     
         130         118  0.969358509470565     
         131         119  0.966386396076418     
         132         121  0.931505124718372     
         133         123  0.966754999459287     
         134         124  0.965267335756199     
         135         126  0.959497420274046     
         136         129  0.964269574739878     
         137         125   1.07837649507771     
         138         137   1.35449642210515     
         139         138   1.45582827539936     
         140         139   1.42110881865345     
         141           1  0.602625688337014     
         141         140   1.34313340356046     
         142         137   1.36978440847387     
         142         141   1.35944191421065     
         143         138  0.960032819385694     
         144         139  0.961666863372263     
         145         140  0.911407070916384     
         146         142  0.904111603500157     
         148         147   2.63443067027838     
         149         148   1.13231326968003     
         150         149   1.45860111283105     
         151         150   1.34318971589617     
         152         151   1.52541046899431     
         153         152   1.29101517909224     
         154         153   1.27488259369925     
         155         154   1.55215551284509     
         156           1  0.591886777596289     
         156         155   1.24922073904262     
         157         156   1.42942487580235     
         158         149   1.19679386604390     
         158         153   1.23045059128256     
         158         157   1.32125042075469     
         159         150  0.966765238206501     
         160         151  0.967831819332830     
         161         152  0.965725933218401     
         162         154  0.960329299447925     
         163         155  0.922123208733244     
         164         157  0.916153617783817     
         165         147   1.12141847175557     
         166         165   1.31453332424757     
         167         166   1.48994095274057     
         168         167   1.34454631902249     
         169         168   1.16106403492790     
         170         169   1.18492801014963     
         171         170   1.33581132181503     
         172         171   1.49964899864038     
         173         172   1.32569813091571     
         174         173   1.39497438512390     
         175         170   1.24003370104137     
         175         174   1.39266774543448     
         176         168   1.25287634494364     
         176         175   1.14114665002240     
         177         165   1.38825465583432     
         177         176   1.38070356409906     
         178         166  0.969354802490005     
         179         167  0.966383439682494     
         180         169  0.931512778424149     
         181         171  0.966745206767893     
         182         172  0.965260414226298     
         183         174  0.959495280566090     
         184         177  0.964270000867625     
         185         173   1.07844033881586     
         186         185   1.35451381842826     
         187         186   1.45584209873396     
         188         187   1.42109502393856     
         189           2  0.602622831699653     
         189         188   1.34308806234257     
         190         185   1.36965804240171     
         190         189   1.35954922624174     
         191         186  0.960029041566802     
         192         187  0.961668596238406     
         193         188  0.911397134483777     
         194         190  0.904131770573193     
