   -0.08847392
   -0.08833108
   -0.02368047
   -0.03634608
    0.04368598
   -0.01915609
   -0.01941283
   -0.03279772
    0.00320953
    0.05865314
   -0.10048032
    0.04046229
   -0.02770425
    0.01755358
    0.05727619
    0.05804565
    0.07168573
    0.11789241
    0.13643571
    0.09848546
    0.03753615
   -0.02869437
   -0.03275450
    0.01518412
   -0.03236593
   -0.02963983
    0.03653562
   -0.03802162
    0.01080094
   -0.03873299
    0.03753452
    0.03079977
    0.03183215
    0.04296825
    0.07589644
    0.06862394
   -0.00899607
   -0.03682021
    0.04914441
   -0.00666336
   -0.02879366
    0.05183120
   -0.08578882
    0.04754379
    0.08279123
    0.09159355
    0.12278384
    0.13433637
   -0.02366709
   -0.03633391
    0.04368981
   -0.01915957
   -0.01940351
   -0.03276939
    0.00318226
    0.05873508
   -0.10117996
    0.04047377
   -0.02771648
    0.01752176
    0.05731907
    0.05806979
    0.07167378
    0.11784907
    0.13643866
    0.09855353
    0.03752890
   -0.02867493
   -0.03273414
    0.01517755
   -0.03234874
   -0.02962497
    0.03652491
   -0.03800658
    0.01079071
   -0.03873417
    0.03756194
    0.03079425
    0.03185048
    0.04296313
    0.07594759
    0.06865475
   -0.00896438
   -0.03681977
    0.04910396
   -0.00665150
   -0.02880609
    0.05185694
   -0.08646734
    0.04756472
    0.08280989
    0.09160434
    0.12281213
    0.13425326
   -0.02368912
   -0.03633918
    0.04368513
   -0.01915356
   -0.01940574
   -0.03278767
    0.00322579
    0.05866742
   -0.10052970
    0.04047903
   -0.02770968
    0.01754941
    0.05728668
    0.05804007
    0.07168274
    0.11789674
    0.13644857
    0.09846335
    0.03752572
   -0.02866168
   -0.03273023
    0.01517595
   -0.03236696
   -0.02963054
    0.03652927
   -0.03800963
    0.01079548
   -0.03874488
    0.03752347
    0.03078597
    0.03186353
    0.04295559
    0.07592991
    0.06862007
   -0.00899820
   -0.03681919
    0.04911332
   -0.00666311
   -0.02880291
    0.05179707
   -0.08588695
    0.04753227
    0.08275703
    0.09157906
    0.12279560
    0.13432514
   -0.02371368
   -0.03635396
    0.04367799
   -0.01916848
   -0.01942427
   -0.03281668
    0.00324107
    0.05859497
   -0.09973060
    0.04042966
   -0.02770364
    0.01758908
    0.05723196
    0.05801941
    0.07168948
    0.11793733
    0.13644448
    0.09841809
    0.03751709
   -0.02868945
   -0.03273796
    0.01517025
   -0.03236681
   -0.02963100
    0.03653470
   -0.03801702
    0.01082267
   -0.03875552
    0.03755139
    0.03075803
    0.03183477
    0.04294574
    0.07584600
    0.06860728
   -0.00901805
   -0.03683045
    0.04915211
   -0.00667027
   -0.02879714
    0.05174880
   -0.08522005
    0.04752635
    0.08273782
    0.09159988
    0.12279044
    0.13441635
