           4           3   2.63799091335933     
           5           4   1.14343894460288     
           6           5   1.43640551931631     
           7           6   1.34890269350974     
           8           7   1.53187516055357     
           9           8   1.27178369577667     
          10           9   1.29240654062199     
          11           2  0.595100989553416     
          11          10   1.44474645168387     
          12          11   1.24174640306843     
          13          12   1.54205586267789     
          14           5   1.21531939201832     
          14           9   1.23383975787973     
          14          13   1.29489383888114     
          15           6  0.968543840578598     
          16           7  0.967581515889922     
          17           8  0.964486303849481     
          18          10  0.912655018303835     
          19          12  0.901903120834407     
          20          13  0.956081217110042     
          21           3   1.13450524030841     
          22          21   1.24535786497725     
          23          22   1.57408529914643     
          24          23   1.27504168466401     
          25          24   1.27531531495661     
          26          25   1.57374424916072     
          27          26   1.24462150511601     
          28          27   1.45172786969871     
          29          24   1.23735624380442     
          29          28   1.29197096126263     
          30          21   1.45439603270749     
          30          29   1.29037420154389     
          31          22  0.970270229621897     
          32          23  0.967487429348224     
          33          25  0.967375994612519     
          34          26  0.969781733678236     
          35          28  0.963427252405294     
          36          30  0.964425535976684     
          37          27   1.13664060458536     
          38          37   2.63979493085672     
          39          38   1.14160866931361     
          40          39   1.33570272444719     
          41          40   1.45763674630822     
          42          41   1.42067646652689     
          43           1  0.595147795416594     
          43          42   1.34352824156377     
          44          39   1.34805980132116     
          44          43   1.36736786794002     
          45          40  0.964509266360095     
          46          41  0.961332137816540     
          47          42  0.909121722327406     
          48          44  0.908556253817761     
          50          49   2.63797223583674     
          51          50   1.14346059065893     
          52          51   1.43648268501330     
          53          52   1.34877074464952     
          54          53   1.53199467165931     
          55          54   1.27176485147808     
          56          55   1.29227803106125     
          57           2  0.594487017155677     
          57          56   1.44487384555042     
          58          57   1.24167131193910     
          59          58   1.54205943245452     
          60          51   1.21525583056731     
          60          55   1.23393864849279     
          60          59   1.29488663182481     
          61          52  0.968550554526832     
          62          53  0.967580693978781     
          63          54  0.964476978513964     
          64          56  0.912759269551416     
          65          58  0.901816653342589     
          66          59  0.956073057211614     
          67          49   1.13451212070274     
          68          67   1.24536971401743     
          69          68   1.57411614472915     
          70          69   1.27501159739947     
          71          70   1.27528644290228     
          72          71   1.57383176978841     
          73          72   1.24451051205740     
          74          73   1.45168370913362     
          75          70   1.23734176509135     
          75          74   1.29202506734075     
          76          67   1.45435442873469     
          76          75   1.29037371220055     
          77          68  0.970261959170363     
          78          69  0.967478915970029     
          79          71  0.967367576052375     
          80          72  0.969773633959444     
          81          74  0.963418955440411     
          82          76  0.964428576356915     
          83          73   1.13675788020142     
          84          83   2.63975192144612     
          85          84   1.14162255429322     
          86          85   1.33572612608353     
          87          86   1.45759832448391     
          88          87   1.42075346829340     
          89           1  0.594543946785534     
          89          88   1.34335306727750     
          90          85   1.34798465903970     
          90          89   1.36745908671514     
          91          86  0.964502492234628     
          92          87  0.961330763700392     
          93          88  0.909118970571024     
          94          90  0.908671611712351     
          96          95   2.63808339405629     
          97          96   1.14337923608246     
          98          97   1.43654468460858     
          99          98   1.34880715808017     
         100          99   1.53195173922502     
         101         100   1.27178681878612     
         102         101   1.29233314961131     
         103           1  0.595085866256808     
         103         102   1.44484458281497     
         104         103   1.24174292863813     
         105         104   1.54207109556500     
         106          97   1.21525792230328     
         106         101   1.23388935076079     
         106         105   1.29490986833945     
         107          98  0.968547264769987     
         108          99  0.967581340602680     
         109         100  0.964483043039813     
         110         102  0.912730771707694     
         111         104  0.901766342781092     
         112         105  0.956079133680454     
         113          95   1.13442131694024     
         114         113   1.24547851386061     
         115         114   1.57402332992621     
         116         115   1.27511014459843     
         117         116   1.27524013487728     
         118         117   1.57386339005810     
         119         118   1.24448091928922     
         120         119   1.45173192915083     
         121         116   1.23730836653864     
         121         120   1.29199884368180     
         122         113   1.45433000730933     
         122         121   1.29041856766332     
         123         114  0.970254639149087     
         124         115  0.967473829690648     
         125         117  0.967373211464147     
         126         118  0.969773487779568     
         127         120  0.963428691234950     
         128         122  0.964438404392772     
         129         119   1.13674443807970     
         130         129   2.63977332219201     
         131         130   1.14163662952614     
         132         131   1.33574147666096     
         133         132   1.45759787364278     
         134         133   1.42075642529088     
         135           2  0.595050002165884     
         135         134   1.34331637874876     
         136         131   1.34792155799602     
         136         135   1.36754584514799     
         137         132  0.964501652566135     
         138         133  0.961327168020796     
         139         134  0.909030313603347     
         140         136  0.908715920946266     
         142         141   2.63796767494234     
         143         142   1.14344146901003     
         144         143   1.43654269383910     
         145         144   1.34883111406330     
         146         145   1.53189897975746     
         147         146   1.27183375130558     
         148         147   1.29221410043322     
         149           1  0.595602694602314     
         149         148   1.44496549630892     
         150         149   1.24182272054546     
         151         150   1.54194780438640     
         152         143   1.21518332558195     
         152         147   1.23391076713700     
         152         151   1.29501722726300     
         153         144  0.968546296298595     
         154         145  0.967589901954805     
         155         146  0.964491022939993     
         156         148  0.912610966457664     
         157         150  0.901872979878547     
         158         151  0.956098926460102     
         159         141   1.13448871443960     
         160         159   1.24536684470843     
         161         160   1.57415708400548     
         162         161   1.27498727684852     
         163         162   1.27534405591462     
         164         163   1.57373865428349     
         165         164   1.24464188491611     
         166         165   1.45161396507926     
         167         162   1.23730914817168     
         167         166   1.29205805845694     
         168         159   1.45435643581742     
         168         167   1.29039319140260     
         169         160  0.970263761185861     
         170         161  0.967475232783253     
         171         163  0.967373818867424     
         172         164  0.969774943904156     
         173         166  0.963433198622462     
         174         168  0.964441146789546     
         175         165   1.13671761042909     
         176         175   2.63980877380996     
         177         176   1.14157102571013     
         178         177   1.33590572605613     
         179         178   1.45747447705468     
         180         179   1.42081455971774     
         181           2  0.595701272380551     
         181         180   1.34332729398307     
         182         177   1.34785685989100     
         182         181   1.36759656299306     
         183         178  0.964503589999797     
         184         179  0.961335968149186     
         185         180  0.908997622674341     
         186         182  0.908632593369122     
