   -0.08740184
   -0.08280082
   -0.02187422
   -0.03404561
    0.04430356
   -0.01822401
   -0.01869450
   -0.03198898
    0.00292301
    0.05836256
   -0.10167445
    0.04058262
   -0.02805724
    0.01666981
    0.05776435
    0.05745589
    0.07191944
    0.11252404
    0.14891152
    0.10570292
    0.03889831
   -0.02702530
   -0.03072132
    0.01462033
   -0.03041718
   -0.03126137
   -0.00117253
   -0.04488950
    0.00814247
   -0.04017235
    0.03964585
    0.03281630
    0.03780452
    0.04638698
    0.07596320
    0.07646038
    0.01245411
   -0.00485467
   -0.02902153
    0.05312086
   -0.07389667
    0.04302359
    0.08040705
    0.09283721
    0.13065121
    0.12597967
   -0.02250390
   -0.03446779
    0.04390822
   -0.01839676
   -0.01896393
   -0.03123606
    0.00347235
    0.06169166
   -0.10581416
    0.04027047
   -0.02866851
    0.01478441
    0.05839626
    0.05677471
    0.07030723
    0.11647175
    0.13793371
    0.10360634
    0.03870219
   -0.02689241
   -0.03074230
    0.01453829
   -0.03030044
   -0.03242182
   -0.00169803
   -0.04301389
    0.00817874
   -0.03895908
    0.03840390
    0.03314888
    0.03827725
    0.04801239
    0.08024133
    0.07602994
    0.01156986
   -0.00471812
   -0.02923898
    0.05468474
   -0.09193864
    0.04703732
    0.08299795
    0.09652805
    0.12756710
    0.13224583
   -0.02210953
   -0.03410617
    0.04418112
   -0.01809554
   -0.01885632
   -0.03149375
    0.00250276
    0.06434860
   -0.12392726
    0.03885361
   -0.02843619
    0.01508594
    0.05868622
    0.05762688
    0.07122998
    0.12195070
    0.13492909
    0.10440584
    0.03874702
   -0.02675372
   -0.03066535
    0.01456360
   -0.03020777
   -0.03186248
   -0.00191944
   -0.04373006
    0.00787979
   -0.03941316
    0.03893880
    0.03324780
    0.03826011
    0.04759437
    0.07906306
    0.07598188
    0.01150736
   -0.00420978
   -0.02895149
    0.05364571
   -0.09434143
    0.04619321
    0.08207205
    0.09396238
    0.12123422
    0.13552267
   -0.02309780
   -0.03482884
    0.04359850
   -0.01853666
   -0.01922362
   -0.03134743
    0.00360718
    0.05988094
   -0.09792882
    0.03886117
   -0.02873539
    0.01414521
    0.05815675
    0.05618502
    0.06937576
    0.11750347
    0.13981087
    0.10102167
    0.03846451
   -0.02683614
   -0.03063725
    0.01418430
   -0.03009846
   -0.03278615
   -0.00246341
   -0.04290556
    0.00798699
   -0.03877768
    0.03771052
    0.03309450
    0.03869666
    0.04903464
    0.08097961
    0.07390957
    0.01076289
   -0.00399240
   -0.02887004
    0.05546357
   -0.09803415
    0.04807687
    0.08430449
    0.09761340
    0.12673067
    0.13286101
