           4           3   2.63930637363201     
           5           4   1.14086603640393     
           6           5   1.43713590664690     
           7           6   1.34800553919744     
           8           7   1.53253145061786     
           9           8   1.27132209255126     
          10           9   1.29303505426500     
          11           2  0.604611181343179     
          11          10   1.44439910276235     
          12          11   1.23790393490110     
          13          12   1.54329328942019     
          14           5   1.21725835631399     
          14           9   1.23312616416167     
          14          13   1.29347374329925     
          15           6  0.968475676683203     
          16           7  0.967594250975741     
          17           8  0.964356449221966     
          18          10  0.913951815666416     
          19          12  0.897188528022118     
          20          13  0.954846331735582     
          21           3   1.13236991923354     
          22          21   1.24582275067413     
          23          22   1.57594402487832     
          24          23   1.27237905018075     
          25          24   1.28032464208506     
          26          25   1.56439056359027     
          27          26   1.27228760692798     
          28          27   1.48349125634582     
          29          24   1.23929832406860     
          29          28   1.28856895365168     
          30          21   1.45632177653521     
          30          29   1.29079204698910     
          31          22  0.970098710468696     
          32          23  0.967442693889463     
          33          25  0.967457531857407     
          34          26  0.966148640926384     
          35          28  0.959339881189040     
          36          30  0.963075655934705     
          37          27   1.06047088436991     
          38          37   1.36825561354538     
          39          38   1.44821651289672     
          40          39   1.42773571596387     
          41           1  0.603113464698495     
          41          40   1.34699557954274     
          42          37   1.37832878403817     
          42          41   1.36305190371093     
          43          38  0.961770730925564     
          44          39  0.961548760405013     
          45          40  0.907842956996667     
          46          42  0.906785573050752     
          48          47   2.63759468754313     
          49          48   1.14302133942597     
          50          49   1.43619216434672     
          51          50   1.35004405475867     
          52          51   1.53001620983563     
          53          52   1.27409047826147     
          54          53   1.28568973302852     
          55           1  0.592807233248200     
          55          54   1.45398863455583     
          56          55   1.22914441416654     
          57          56   1.55062806500420     
          58          49   1.21575763201081     
          58          53   1.23685276764225     
          58          57   1.28891371770587     
          59          50  0.968361480840092     
          60          51  0.967800516818973     
          61          52  0.964742742965490     
          62          54  0.921507237466378     
          63          56  0.890077030192185     
          64          57  0.954387351086655     
          65          47   1.13450599666478     
          66          65   1.24468134722412     
          67          66   1.57663441459804     
          68          67   1.27199158840841     
          69          68   1.27961922199262     
          70          69   1.56619881962490     
          71          70   1.26914957777321     
          72          71   1.48814598227921     
          73          68   1.24020821605691     
          73          72   1.28516308370653     
          74          65   1.45465635667895     
          74          73   1.29235830159441     
          75          66  0.970125740767287     
          76          67  0.967278097097384     
          77          69  0.967149189007480     
          78          70  0.965603839551486     
          79          72  0.960065597848760     
          80          74  0.963270424905790     
          81          71   1.05853016576255     
          82          81   1.37143222019932     
          83          82   1.44300549017695     
          84          83   1.43421811217132     
          85           2  0.592431605317296     
          85          84   1.33947911653377     
          86          81   1.37594167728367     
          86          85   1.36774044699752     
          87          82  0.961116392402331     
          88          83  0.960610299996061     
          89          84  0.897192810514148     
          90          86  0.916337631071146     
          92          91   2.63924259726121     
          93          92   1.14106413352875     
          94          93   1.44009079660818     
          95          94   1.34656429022580     
          96          95   1.53392617671562     
          97          96   1.27062527316934     
          98          97   1.29396550844090     
          99           1  0.582857994601645     
          99          98   1.44173625254233     
         100          99   1.24048302453744     
         101         100   1.54210919923982     
         102          93   1.21428431251769     
         102          97   1.23345182767239     
         102         101   1.29527608638533     
         103          94  0.968391360164614     
         104          95  0.967703512982669     
         105          96  0.964593754648070     
         106          98  0.908942170927334     
         107         100  0.906886877968381     
         108         101  0.954439146874122     
         109          91   1.13254496989684     
         110         109   1.24626973791869     
         111         110   1.57553698665152     
         112         111   1.27262917268818     
         113         112   1.27963280233317     
         114         113   1.56571553840690     
         115         114   1.27021487805610     
         116         115   1.48659846083493     
         117         112   1.23990400932822     
         117         116   1.28642614598609     
         118         109   1.45545986929359     
         118         117   1.29171228876914     
         119         110  0.970130105613861     
         120         111  0.967346661304500     
         121         113  0.967265909954415     
         122         114  0.965751199012420     
         123         116  0.959713199685693     
         124         118  0.963227284311782     
         125         115   1.05909820620583     
         126         125   1.36554479882587     
         127         126   1.45028965628867     
         128         127   1.42617310203528     
         129           2  0.585444482143427     
         129         128   1.35071293835793     
         130         125   1.38241532978024     
         130         129   1.35794960150001     
         131         126  0.961346254120105     
         132         127  0.961236583717870     
         133         128  0.914335198319369     
         134         130  0.903162430449278     
         136         135   2.63791794473518     
         137         136   1.14284267026177     
         138         137   1.43793860207633     
         139         138   1.34955219283805     
         140         139   1.53045109599391     
         141         140   1.27422210264603     
         142         141   1.28383584515347     
         143           1  0.594652402239007     
         143         142   1.45660448984750     
         144         143   1.22829673397911     
         145         144   1.55167305030302     
         146         137   1.21438998622565     
         146         141   1.23841941435487     
         146         145   1.28801514926543     
         147         138  0.968400230531696     
         148         139  0.967945271555173     
         149         140  0.964918633497625     
         150         142  0.923049944945017     
         151         144  0.887051325431104     
         152         145  0.954385642606390     
         153         135   1.13442426672012     
         154         153   1.24681191096185     
         155         154   1.57578044868453     
         156         155   1.27245654712441     
         157         156   1.27936865726468     
         158         157   1.56571627557215     
         159         158   1.26984102572927     
         160         159   1.49294704858084     
         161         156   1.24081863838787     
         161         160   1.28235639085624     
         162         153   1.45269622023482     
         162         161   1.29387649469691     
         163         154  0.970225144278905     
         164         155  0.967369431797228     
         165         157  0.967074042362809     
         166         158  0.966219306572335     
         167         160  0.960613751291171     
         168         162  0.963460590059046     
         169         159   1.05230300654448     
         170         169   1.37334875454749     
         171         170   1.44186016397069     
         172         171   1.43507335624810     
         173           2  0.586810778436155     
         173         172   1.33977525170254     
         174         169   1.38000772833333     
         174         173   1.36593712089293     
         175         170  0.961571837260958     
         176         171  0.960392940255795     
         177         172  0.897015640580419     
         178         174  0.918789436526528     
