   -0.12232682
   -0.12236505
   -0.01672197
   -0.03260012
    0.04445441
   -0.02107342
   -0.01530126
   -0.02991794
    0.02695689
   -0.03225133
    0.05096509
   -0.10714417
    0.06262420
   -0.00559936
    0.06693505
    0.05873993
    0.06476838
    0.09264609
    0.13256871
    0.11813947
    0.03985959
   -0.02543492
   -0.02588447
   -0.00589743
   -0.03705854
   -0.03355624
    0.05448029
    0.05426022
    0.07132457
    0.07795835
    0.00956326
   -0.00309031
   -0.02775062
    0.05711745
   -0.09560028
    0.04772723
    0.08873299
    0.09563756
    0.11917306
    0.14141980
   -0.01676890
   -0.03261004
    0.04442914
   -0.02107702
   -0.01530452
   -0.02990920
    0.02696078
   -0.03225037
    0.05096918
   -0.10716438
    0.06262031
   -0.00561912
    0.06694434
    0.05873283
    0.06476104
    0.09264915
    0.13258725
    0.11804793
    0.03984765
   -0.03356694
   -0.03713980
   -0.00586713
   -0.02586079
   -0.02538972
    0.07808075
    0.07157826
    0.05413112
    0.05437340
    0.00958337
   -0.00310737
   -0.02776303
    0.05710729
   -0.09552767
    0.04776233
    0.08873782
    0.09565443
    0.11916135
    0.14143517
   -0.01671678
   -0.03259621
    0.04445982
   -0.02107677
   -0.01531264
   -0.02992360
    0.02694875
   -0.03223628
    0.05095019
   -0.10709885
    0.06261439
   -0.00560305
    0.06693889
    0.05875360
    0.06477689
    0.09265147
    0.13258008
    0.11815456
    0.03985791
   -0.03354755
   -0.03706180
   -0.00589904
   -0.02589486
   -0.02545651
    0.07792513
    0.07131307
    0.05427461
    0.05451233
    0.00955632
   -0.00310055
   -0.02775397
    0.05712236
   -0.09560334
    0.04774551
    0.08873379
    0.09563556
    0.11916684
    0.14141200
   -0.01677232
   -0.03260677
    0.04442271
   -0.02107446
   -0.01531027
   -0.02991226
    0.02696046
   -0.03224408
    0.05097299
   -0.10715714
    0.06262788
   -0.00561263
    0.06695033
    0.05873339
    0.06474803
    0.09264117
    0.13258322
    0.11803266
    0.03985359
   -0.02539414
   -0.02586748
   -0.00584039
   -0.03715226
   -0.03358237
    0.05437096
    0.05412918
    0.07158131
    0.07808286
    0.00955949
   -0.00310845
   -0.02775337
    0.05711387
   -0.09562504
    0.04778046
    0.08873907
    0.09563445
    0.11916577
    0.14142011
