           4           3   2.63490740014914     
           5           4   1.13952959194386     
           6           5   1.44383996983156     
           7           6   1.35119109209163     
           8           7   1.51826082493307     
           9           8   1.29523188695060     
          10           9   1.26852373723623     
          11          10   1.56020127417417     
          12           2  0.590289861838713     
          12          11   1.23415084594304     
          13          12   1.43823525764460     
          14           5   1.20442784198469     
          14           9   1.23223195070624     
          14          13   1.31189733200509     
          15           6  0.966972405488725     
          16           7  0.967487554274544     
          17           8  0.965318394656490     
          18          10  0.959450161793134     
          19          11  0.878625270786003     
          20          13  0.924263186101015     
          21           3   1.13125943454759     
          22          21   1.35048936939177     
          23          22   1.46770513879588     
          24          23   1.37655467817055     
          25          24   1.36905459426078     
          26          21   1.34452191570348     
          26          25   1.47464759644956     
          27          22  0.968397037225424     
          28          23  0.965796156994318     
          29          25  0.962675755304888     
          30          26  0.964926267935695     
          31          24   1.05258741209277     
          32          31   1.36243511038228     
          33          32   1.45615400069057     
          34          33   1.41724203249677     
          35           1  0.593092421256926     
          35          34   1.36009904913003     
          36          31   1.39127325020328     
          36          35   1.34190650590845     
          37          32  0.961418501528628     
          38          33  0.961016962824503     
          39          34  0.925017458896345     
          40          36  0.879282427016544     
          42          41   2.63473377953070     
          43          42   1.14004355745284     
          44          43   1.44352017832284     
          45          44   1.35131150846595     
          46          45   1.51819127729055     
          47          46   1.29516198304375     
          48          47   1.26854739683261     
          49          48   1.56013324909568     
          50           1  0.590367200649675     
          50          49   1.23420980312731     
          51          50   1.43808208722137     
          52          43   1.20423722484946     
          52          47   1.23228521447054     
          52          51   1.31200134961199     
          53          44  0.966979045863715     
          54          45  0.967491939718914     
          55          46  0.965324770658213     
          56          48  0.959461303595794     
          57          49  0.878652046754538     
          58          51  0.924283406905755     
          59          41   1.13161699420273     
          60          59   1.34440071084094     
          61          60   1.47479493830516     
          62          61   1.36898446867136     
          63          62   1.37639667175514     
          64          59   1.35017351571426     
          64          63   1.46792643479124     
          65          60  0.964896521322561     
          66          61  0.962642420834905     
          67          63  0.965813152350519     
          68          64  0.968412954817855     
          69          62   1.05262994275971     
          70          69   1.36252611511044     
          71          70   1.45597786674543     
          72          71   1.41740351410563     
          73           2  0.593189005641692     
          73          72   1.36000275650682     
          74          69   1.39121393946325     
          74          73   1.34194190291273     
          75          70  0.961431657500318     
          76          71  0.961019712857214     
          77          72  0.924989215993899     
          78          74  0.879302711590832     
          80          79   2.63496459694688     
          81          80   1.13946114384292     
          82          81   1.44387759512227     
          83          82   1.35112945823234     
          84          83   1.51833866196489     
          85          84   1.29517186267989     
          86          85   1.26852944019530     
          87          86   1.56028204643444     
          88           2  0.590382582283013     
          88          87   1.23401927927051     
          89          88   1.43835787664060     
          90          81   1.20450657339744     
          90          85   1.23226539017716     
          90          89   1.31175077555063     
          91          82  0.966975937789803     
          92          83  0.967492100026230     
          93          84  0.965323096804427     
          94          86  0.959443046882583     
          95          87  0.878616711244967     
          96          89  0.924256474005349     
          97          79   1.13122749631587     
          98          97   1.34456681469828     
          99          98   1.47462948249756     
         100          99   1.36903824438803     
         101         100   1.37658721776977     
         102          97   1.35048686070203     
         102         101   1.46767901868987     
         103          98  0.964925756254934     
         104          99  0.962683185464838     
         105         101  0.965802360308992     
         106         102  0.968407789600983     
         107         100   1.05259821629081     
         108         107   1.36244181449801     
         109         108   1.45608079557970     
         110         109   1.41734384545438     
         111           1  0.593076440039259     
         111         110   1.36002896059846     
         112         107   1.39126752712068     
         112         111   1.34195773388187     
         113         108  0.961426923823523     
         114         109  0.961015864851678     
         115         110  0.925022836383748     
         116         112  0.879286838837238     
         118         117   2.63491112025310     
         119         118   1.13993791870691     
         120         119   1.44359813496630     
         121         120   1.35125793805749     
         122         121   1.51826496530804     
         123         122   1.29508662719637     
         124         123   1.26855153504771     
         125         124   1.56016080484591     
         126           1  0.590309776490841     
         126         125   1.23417455423321     
         127         126   1.43819064392458     
         128         119   1.20426612960132     
         128         123   1.23236055999810     
         128         127   1.31189633613054     
         129         120  0.966980064332104     
         130         121  0.967492359532260     
         131         122  0.965327169136996     
         132         124  0.959455439858535     
         133         125  0.878650025992866     
         134         127  0.924277322506713     
         135         117   1.13151725227480     
         136         135   1.35033075097637     
         137         136   1.46774950952026     
         138         137   1.37650401245581     
         139         138   1.36899542286311     
         140         135   1.34442037869188     
         140         139   1.47472773439374     
         141         136  0.968417459890042     
         142         137  0.965819491194802     
         143         139  0.962653811693792     
         144         140  0.964907903696869     
         145         138   1.05263614893847     
         146         145   1.36248250309401     
         147         146   1.45601215687367     
         148         147   1.41743840649603     
         149           2  0.593025010790524     
         149         148   1.35994164025894     
         150         145   1.39118550959206     
         150         149   1.34205364222686     
         151         146  0.961436293368749     
         152         147  0.961010846572724     
         153         148  0.924999376621388     
         154         150  0.879319652779713     
