   -0.09855387
   -0.09859365
   -0.02383721
   -0.03369255
    0.04371068
   -0.01815250
   -0.01900530
   -0.03138583
    0.00348970
    0.06014124
   -0.10123097
    0.04195753
   -0.02777228
    0.01602462
    0.05757348
    0.05690290
    0.07112335
    0.11452919
    0.14650658
    0.10067623
    0.03933799
   -0.02435403
   -0.02644243
   -0.02569897
    0.03820486
   -0.03314758
    0.04087270
    0.03420537
    0.04678560
    0.07659582
   -0.00842520
   -0.03341935
    0.04916955
   -0.00590233
   -0.02856454
    0.05567512
   -0.09224079
    0.04811239
    0.08313719
    0.09235733
    0.12847421
    0.13675092
   -0.02383108
   -0.03369477
    0.04369554
   -0.01814754
   -0.01898663
   -0.03138231
    0.00349589
    0.06012178
   -0.10117796
    0.04197120
   -0.02776749
    0.01603859
    0.05755995
    0.05689264
    0.07111054
    0.11454035
    0.14651385
    0.10065577
    0.03933213
   -0.02435815
   -0.02643500
   -0.02570574
    0.03819703
   -0.03315735
    0.04088344
    0.03420307
    0.04679060
    0.07659961
   -0.00841651
   -0.03342819
    0.04916615
   -0.00590557
   -0.02855878
    0.05563359
   -0.09205827
    0.04811219
    0.08311350
    0.09234251
    0.12850069
    0.13675267
   -0.02383752
   -0.03370260
    0.04369863
   -0.01815447
   -0.01901271
   -0.03138940
    0.00351924
    0.06008965
   -0.10095122
    0.04197203
   -0.02776584
    0.01604355
    0.05755096
    0.05689247
    0.07111592
    0.11453248
    0.14650768
    0.10064490
    0.03932101
   -0.02438142
   -0.02643185
   -0.02572061
    0.03820242
   -0.03314976
    0.04090545
    0.03417871
    0.04681163
    0.07659189
   -0.00844516
   -0.03343982
    0.04918486
   -0.00590105
   -0.02855448
    0.05562690
   -0.09180397
    0.04807972
    0.08309304
    0.09232816
    0.12851406
    0.13677403
   -0.02383309
   -0.03370927
    0.04369840
   -0.01814317
   -0.01899336
   -0.03138709
    0.00350703
    0.06011620
   -0.10107151
    0.04196036
   -0.02776364
    0.01603844
    0.05754841
    0.05689668
    0.07110702
    0.11452822
    0.14651051
    0.10066570
    0.03934636
   -0.02436489
   -0.02643914
   -0.02571054
    0.03820971
   -0.03315613
    0.04088148
    0.03418302
    0.04680979
    0.07658868
   -0.00843186
   -0.03344262
    0.04917249
   -0.00590832
   -0.02856332
    0.05564109
   -0.09196916
    0.04810661
    0.08311925
    0.09233858
    0.12850330
    0.13676516
