           4           3   2.64553267148056     
           5           4   1.14066612513695     
           6           5   1.43851666401034     
           7           6   1.34867702109087     
           8           7   1.53169803023977     
           9           8   1.27338506870571     
          10           9   1.28660937477804     
          11           2  0.593866352350363     
          11          10   1.45488275305712     
          12          11   1.23263226695346     
          13          12   1.54967017297315     
          14           5   1.21662134895277     
          14           9   1.23722848408439     
          14          13   1.28947203469776     
          15           6  0.968518460653610     
          16           7  0.967782043587036     
          17           8  0.964628487676222     
          18          10  0.921729255753586     
          19          12  0.886312770507567     
          20          13  0.955170888110446     
          21           3   1.12856477771191     
          22          21   1.34441510559014     
          23          22   1.44689175733144     
          24          23   1.44758173747671     
          25          24   1.34203334141078     
          26          21   1.37000645355993     
          26          25   1.36969804220513     
          27          22  0.970652242345608     
          28          23  0.969257676854132     
          29          24  0.970058902925106     
          30          26  0.965632844171842     
          31          25   1.13024612130955     
          32          31   2.64757635409328     
          33          32   1.13833158506923     
          34          33   1.34074869638249     
          35          34   1.45174501654207     
          36          35   1.42692360398454     
          37           1  0.590308690643814     
          37          36   1.33752051802162     
          38          33   1.34669840634178     
          38          37   1.37338028716335     
          39          34  0.964416298454103     
          40          35  0.961070768719058     
          41          36  0.896448268030607     
          42          38  0.917462218314232     
          44          43   2.64556847727903     
          45          44   1.14063861569174     
          46          45   1.43857883621769     
          47          46   1.34862996534427     
          48          47   1.53180319925728     
          49          48   1.27324813686490     
          50          49   1.28681025300424     
          51           1  0.593969107160582     
          51          50   1.45469631215151     
          52          51   1.23275074762712     
          53          52   1.54956260573325     
          54          45   1.21655526383811     
          54          49   1.23718486313514     
          54          53   1.28959199083301     
          55          46  0.968514797464666     
          56          47  0.967768094351762     
          57          48  0.964624643833545     
          58          50  0.921718618962811     
          59          52  0.886341843110381     
          60          53  0.955171275170341     
          61          43   1.12856918168583     
          62          61   1.34445724615122     
          63          62   1.44681332204914     
          64          63   1.44770039463558     
          65          64   1.34188046810619     
          66          61   1.36996720532508     
          66          65   1.36969506511209     
          67          62  0.970656156434184     
          68          63  0.969251056203539     
          69          64  0.970062746401674     
          70          66  0.965642711275166     
          71          65   1.13039198742530     
          72          71   2.64744554505144     
          73          72   1.13837419598296     
          74          73   1.34080253085864     
          75          74   1.45169389454010     
          76          75   1.42700321933900     
          77           2  0.590482865649864     
          77          76   1.33737915589100     
          78          73   1.34656733414059     
          78          77   1.37353541423450     
          79          74  0.964415077138169     
          80          75  0.961071570839467     
          81          76  0.896461127038722     
          82          78  0.917442307945009     
          84          83   2.64560972233961     
          85          84   1.14057834251573     
          86          85   1.43866887747011     
          87          86   1.34857702593432     
          88          87   1.53175231009988     
          89          88   1.27337945869134     
          90          89   1.28663807153344     
          91           2  0.594140483522802     
          91          90   1.45479309999288     
          92          91   1.23271765471861     
          93          92   1.54963160488470     
          94          85   1.21655994603924     
          94          89   1.23724385346335     
          94          93   1.28950882325040     
          95          86  0.968517561923560     
          96          87  0.967785172959660     
          97          88  0.964621706864146     
          98          90  0.921689488278518     
          99          92  0.886330262070028     
         100          93  0.955174714695379     
         101          83   1.12858307569492     
         102         101   1.34448215506390     
         103         102   1.44675919307368     
         104         103   1.44777176195329     
         105         104   1.34181326621659     
         106         101   1.36989918873086     
         106         105   1.36982629173506     
         107         102  0.970666567385452     
         108         103  0.969249820365590     
         109         104  0.970068505796351     
         110         106  0.965638684804971     
         111         105   1.13032526945230     
         112         111   2.64747462055294     
         113         112   1.13836790375779     
         114         113   1.34073880105553     
         115         114   1.45181378729141     
         116         115   1.42684190019116     
         117           1  0.590718980671905     
         117         116   1.33755179762241     
         118         113   1.34666269487803     
         118         117   1.37339115794642     
         119         114  0.964409026241558     
         120         115  0.961073911810840     
         121         116  0.896439370231196     
         122         118  0.917439366117043     
         124         123   2.64547818949849     
         125         124   1.14064042144202     
         126         125   1.43865807069400     
         127         126   1.34859907876523     
         128         127   1.53180872193812     
         129         128   1.27324709511538     
         130         129   1.28675563804601     
         131           1  0.594073651836113     
         131         130   1.45473879127630     
         132         131   1.23271703839994     
         133         132   1.54957829092501     
         134         125   1.21648227607285     
         134         129   1.23725135911836     
         134         133   1.28957985997762     
         135         126  0.968509649710314     
         136         127  0.967771973855843     
         137         128  0.964626992024829     
         138         130  0.921707603537286     
         139         132  0.886322329196177     
         140         133  0.955170459290947     
         141         123   1.12866639983523     
         142         141   1.34439784043836     
         143         142   1.44683353139717     
         144         143   1.44765135797473     
         145         144   1.34193624804631     
         146         141   1.36996153102943     
         146         145   1.36964818022520     
         147         142  0.970659735194107     
         148         143  0.969253790148938     
         149         144  0.970063719658626     
         150         146  0.965641899394968     
         151         145   1.13039236496015     
         152         151   2.64743341026829     
         153         152   1.13835550055991     
         154         153   1.34077077334555     
         155         154   1.45172388775438     
         156         155   1.42693927874102     
         157           2  0.590531046284265     
         157         156   1.33748294053447     
         158         153   1.34664754764213     
         158         157   1.37345249423296     
         159         154  0.964416698268545     
         160         155  0.961077356468354     
         161         156  0.896447657004876     
         162         158  0.917445864530286     
