   -0.09144777
   -0.08673832
   -0.02449220
   -0.03639484
    0.04342444
   -0.01906913
   -0.01956186
   -0.03252580
    0.00400234
    0.05902509
   -0.09543715
    0.03956455
   -0.02777832
    0.01649870
    0.05733375
    0.05762750
    0.07135809
    0.12040642
    0.13386514
    0.09508800
    0.03733966
   -0.02835188
   -0.03268065
    0.01518043
   -0.03229409
   -0.02988834
    0.03668466
   -0.03755116
    0.01067597
   -0.03851436
    0.03724974
    0.03107092
    0.03245288
    0.04394470
    0.07641901
    0.06615966
   -0.00817819
   -0.03617711
    0.04937701
   -0.00665841
   -0.02890762
    0.05132039
   -0.08969316
    0.04886219
    0.08311194
    0.09295963
    0.12007467
    0.13769479
   -0.02450124
   -0.03638998
    0.04342617
   -0.01907269
   -0.01956109
   -0.03252663
    0.00401023
    0.05903935
   -0.09548242
    0.03956180
   -0.02778117
    0.01649328
    0.05734215
    0.05761523
    0.07137181
    0.12041145
    0.13386586
    0.09510529
    0.03733764
   -0.02837266
   -0.03267571
    0.01518769
   -0.03230865
   -0.02989183
    0.03667584
   -0.03754964
    0.01066785
   -0.03851703
    0.03726305
    0.03105713
    0.03246382
    0.04393232
    0.07642363
    0.06615998
   -0.00818368
   -0.03617557
    0.04936543
   -0.00666021
   -0.02890127
    0.05132578
   -0.08973169
    0.04888895
    0.08312369
    0.09296086
    0.12005874
    0.13770270
   -0.02450198
   -0.03639197
    0.04343745
   -0.01908497
   -0.01957280
   -0.03252104
    0.00399082
    0.05903475
   -0.09556530
    0.03957390
   -0.02777057
    0.01650385
    0.05735373
    0.05765308
    0.07137578
    0.12041594
    0.13388308
    0.09509046
    0.03735188
   -0.02835712
   -0.03268191
    0.01518534
   -0.03230680
   -0.02987824
    0.03669227
   -0.03755766
    0.01065794
   -0.03852268
    0.03725350
    0.03106076
    0.03246469
    0.04392896
    0.07643232
    0.06616510
   -0.00817514
   -0.03618166
    0.04936236
   -0.00665682
   -0.02891139
    0.05133569
   -0.08978829
    0.04888622
    0.08313032
    0.09296873
    0.12005741
    0.13768236
   -0.02450573
   -0.03639530
    0.04343791
   -0.01907114
   -0.01956205
   -0.03253508
    0.00399289
    0.05903502
   -0.09552753
    0.03955104
   -0.02778363
    0.01649894
    0.05733946
    0.05762502
    0.07138379
    0.12041728
    0.13387561
    0.09510531
    0.03734562
   -0.02836161
   -0.03269023
    0.01518024
   -0.03230035
   -0.02988617
    0.03669910
   -0.03755237
    0.01066709
   -0.03852126
    0.03725729
    0.03108251
    0.03244153
    0.04394893
    0.07643421
    0.06616324
   -0.00818480
   -0.03617832
    0.04938492
   -0.00665275
   -0.02891497
    0.05135950
   -0.08980519
    0.04886632
    0.08311811
    0.09297521
    0.12006285
    0.13769072
