           4           3   2.63789905114538     
           5           4   1.14344551448784     
           6           5   1.43916419066438     
           7           6   1.34826575939783     
           8           7   1.53228066086635     
           9           8   1.27229741304425     
          10           9   1.28870429050095     
          11           1  0.596822907748742     
          11          10   1.44954518279092     
          12          11   1.23928831847364     
          13          12   1.54546445979738     
          14           5   1.21280592422542     
          14           9   1.23670080174288     
          14          13   1.29305613317220     
          15           6  0.968548603034383     
          16           7  0.967761894665541     
          17           8  0.964632393930373     
          18          10  0.916124289845729     
          19          12  0.897639160612413     
          20          13  0.955806148849876     
          21           3   1.13471704095594     
          22          21   1.24798163017830     
          23          22   1.57278455547664     
          24          23   1.27590503245729     
          25          24   1.27434952099548     
          26          25   1.57524839129553     
          27          26   1.24177918014711     
          28          27   1.45410281583620     
          29          24   1.23729712475986     
          29          28   1.29054274950387     
          30          21   1.45151239933618     
          30          29   1.29192167238185     
          31          22  0.970298014798934     
          32          23  0.967550613738798     
          33          25  0.967237158602479     
          34          26  0.969659561403063     
          35          28  0.963358895270531     
          36          30  0.964478742244714     
          37          27   1.13703773381979     
          38          37   2.63847390011582     
          39          38   1.14200523869479     
          40          39   1.33491625064321     
          41          40   1.45667155510521     
          42          41   1.42204486013662     
          43           2  0.593762404433704     
          43          42   1.34138361565321     
          44          39   1.34760541471606     
          44          43   1.36915306455611     
          45          40  0.964376214802628     
          46          41  0.960894264733021     
          47          42  0.905527052161125     
          48          44  0.912519996337838     
          50          49   2.63803751043612     
          51          50   1.14340049478250     
          52          51   1.43923881629722     
          53          52   1.34815608820727     
          54          53   1.53239942916400     
          55          54   1.27220761305356     
          56          55   1.28877868522576     
          57           1  0.596848481484203     
          57          56   1.44952071854009     
          58          57   1.23921689704449     
          59          58   1.54556727789864     
          60          51   1.21281675651877     
          60          55   1.23673815012940     
          60          59   1.29297056931311     
          61          52  0.968553112784823     
          62          53  0.967759914570594     
          63          54  0.964630785549120     
          64          56  0.916105107877009     
          65          58  0.897663625622428     
          66          59  0.955813254118939     
          67          49   1.13458514327371     
          68          67   1.24787434995289     
          69          68   1.57284533924525     
          70          69   1.27589168630006     
          71          70   1.27438327551501     
          72          71   1.57516366859059     
          73          72   1.24188934812692     
          74          73   1.45408894703138     
          75          70   1.23733310371526     
          75          74   1.29065297277759     
          76          67   1.45178875052159     
          76          75   1.29172040572434     
          77          68  0.970308695908133     
          78          69  0.967547284670504     
          79          71  0.967247392054336     
          80          72  0.969660345459908     
          81          74  0.963355125042712     
          82          76  0.964477040787832     
          83          73   1.13690950540826     
          84          83   2.63868892695382     
          85          84   1.14187857528947     
          86          85   1.33507773457387     
          87          86   1.45645067888988     
          88          87   1.42230292365564     
          89           2  0.593739509483009     
          89          88   1.34121236624795     
          90          85   1.34757854831355     
          90          89   1.36925829817593     
          91          86  0.964382162943978     
          92          87  0.960889004934953     
          93          88  0.905549762988803     
          94          90  0.912497615927545     
          96          95   2.63795199309624     
          97          96   1.14345711396484     
          98          97   1.43912443086020     
          99          98   1.34817810154371     
         100          99   1.53237206755078     
         101         100   1.27225837210490     
         102         101   1.28879271175047     
         103           1  0.596832790395429     
         103         102   1.44947321342547     
         104         103   1.23922922336948     
         105         104   1.54553711667017     
         106          97   1.21290360659550     
         106         101   1.23663948800067     
         106         105   1.29299933329911     
         107          98  0.968561497047307     
         108          99  0.967765675488253     
         109         100  0.964629052672409     
         110         102  0.916109015441918     
         111         104  0.897653944589217     
         112         105  0.955804868299672     
         113          95   1.13462496744374     
         114         113   1.24797049737948     
         115         114   1.57278393990925     
         116         115   1.27589214313587     
         117         116   1.27443910616762     
         118         117   1.57507199340729     
         119         118   1.24197435915406     
         120         119   1.45400264193754     
         121         116   1.23729622548082     
         121         120   1.29065601060464     
         122         113   1.45166897458063     
         122         121   1.29176502797869     
         123         114  0.970301798044934     
         124         115  0.967552464040521     
         125         117  0.967247399005945     
         126         118  0.969655699314034     
         127         120  0.963361331491081     
         128         122  0.964482309331241     
         129         119   1.13694638790974     
         130         129   2.63863377411249     
         131         130   1.14188618091917     
         132         131   1.33502340149868     
         133         132   1.45659937207207     
         134         133   1.42209445084811     
         135           2  0.593621663152539     
         135         134   1.34137400478033     
         136         131   1.34759827728105     
         136         135   1.36920203033887     
         137         132  0.964377044136695     
         138         133  0.960896460167155     
         139         134  0.905534097162565     
         140         136  0.912501353668830     
         142         141   2.63791068417761     
         143         142   1.14347500124185     
         144         143   1.43918998604930     
         145         144   1.34817925379523     
         146         145   1.53240060306927     
         147         146   1.27218235803849     
         148         147   1.28872598404234     
         149           1  0.596837480533990     
         149         148   1.44953480114267     
         150         149   1.23921679814233     
         151         150   1.54553856106780     
         152         143   1.21280685533500     
         152         147   1.23677553888305     
         152         151   1.29297322469188     
         153         144  0.968550856574614     
         154         145  0.967759584745398     
         155         146  0.964638406736404     
         156         148  0.916115781868880     
         157         150  0.897645144409483     
         158         151  0.955816492246308     
         159         141   1.13465266381582     
         160         159   1.24794683408377     
         161         160   1.57279882381017     
         162         161   1.27588348350460     
         163         162   1.27431527427455     
         164         163   1.57522250474152     
         165         164   1.24184445631574     
         166         165   1.45415078863847     
         167         162   1.23740705363656     
         167         166   1.29053193919789     
         168         159   1.45165810720116     
         168         167   1.29179088273498     
         169         160  0.970305105866163     
         170         161  0.967558398308133     
         171         163  0.967243583217342     
         172         164  0.969656006688581     
         173         166  0.963355992937583     
         174         168  0.964480988775890     
         175         165   1.13694123070651     
         176         175   2.63859251714950     
         177         176   1.14192335225456     
         178         177   1.33495431833315     
         179         178   1.45660380844195     
         180         179   1.42208517414774     
         181           2  0.593692794389193     
         181         180   1.34143578623227     
         182         177   1.34769490955072     
         182         181   1.36904148480669     
         183         178  0.964376413386687     
         184         179  0.960895338618165     
         185         180  0.905507198497170     
         186         182  0.912518426562532     
