   -0.09950517
   -0.09948575
   -0.02400869
   -0.03643692
    0.04355979
   -0.01910117
   -0.01943580
   -0.03255665
    0.00366759
    0.05813427
   -0.09660057
    0.04168312
   -0.02773012
    0.01724006
    0.05715507
    0.05759992
    0.07134004
    0.11541347
    0.14000643
    0.09701438
    0.03744761
   -0.02858880
   -0.03272911
    0.01518784
   -0.03236434
   -0.02973572
    0.03662210
   -0.03782626
    0.01079349
   -0.03855788
    0.03736212
    0.03089040
    0.03209627
    0.04341468
    0.07604833
    0.06755700
   -0.00879084
   -0.03639564
    0.04906824
   -0.00676333
   -0.02902158
    0.05326712
   -0.08796889
    0.04780108
    0.08294824
    0.09230218
    0.12695647
    0.13211971
   -0.02401449
   -0.03643770
    0.04355805
   -0.01911884
   -0.01944531
   -0.03256762
    0.00364947
    0.05814014
   -0.09661606
    0.04166509
   -0.02772777
    0.01724650
    0.05717808
    0.05760823
    0.07135206
    0.11540904
    0.14001810
    0.09701490
    0.03744472
   -0.02858694
   -0.03273066
    0.01517697
   -0.03235474
   -0.02972428
    0.03661648
   -0.03783307
    0.01077977
   -0.03854356
    0.03735504
    0.03089886
    0.03208632
    0.04340015
    0.07606251
    0.06754560
   -0.00878509
   -0.03636725
    0.04905816
   -0.00676133
   -0.02901924
    0.05330389
   -0.08808197
    0.04779614
    0.08295155
    0.09230949
    0.12694224
    0.13209896
   -0.02399661
   -0.03643984
    0.04356284
   -0.01910208
   -0.01943738
   -0.03255218
    0.00365268
    0.05818090
   -0.09693681
    0.04168005
   -0.02774267
    0.01722505
    0.05718578
    0.05761048
    0.07133420
    0.11539864
    0.13999816
    0.09705892
    0.03744790
   -0.02857634
   -0.03271508
    0.01518843
   -0.03234275
   -0.02973715
    0.03661483
   -0.03782069
    0.01078079
   -0.03855746
    0.03735294
    0.03087798
    0.03207925
    0.04343153
    0.07607764
    0.06757612
   -0.00877449
   -0.03637061
    0.04904115
   -0.00675460
   -0.02901990
    0.05331736
   -0.08849314
    0.04783284
    0.08297457
    0.09231854
    0.12692076
    0.13207434
   -0.02399775
   -0.03644652
    0.04357141
   -0.01909356
   -0.01943951
   -0.03255621
    0.00363427
    0.05820195
   -0.09690937
    0.04165952
   -0.02773412
    0.01722885
    0.05717443
    0.05761759
    0.07134205
    0.11538568
    0.14001026
    0.09705521
    0.03744975
   -0.02857904
   -0.03272934
    0.01518431
   -0.03234847
   -0.02973662
    0.03661738
   -0.03781376
    0.01078573
   -0.03855711
    0.03734844
    0.03089483
    0.03209307
    0.04341931
    0.07606298
    0.06756689
   -0.00877287
   -0.03638574
    0.04906273
   -0.00675748
   -0.02902912
    0.05330658
   -0.08840474
    0.04783198
    0.08298613
    0.09231954
    0.12693549
    0.13207567
