           4           3   2.63815069531966     
           5           4   1.14352971476766     
           6           5   1.43635801690773     
           7           6   1.34990194125264     
           8           7   1.53064368104618     
           9           8   1.27334569571206     
          10           9   1.28785686699747     
          11           2  0.595172350180482     
          11          10   1.45228230794720     
          12          11   1.23630566520356     
          13          12   1.54698242435910     
          14           5   1.21529545715626     
          14           9   1.23626252981314     
          14          13   1.29163591591349     
          15           6  0.968562584546116     
          16           7  0.967679603291606     
          17           8  0.964589826889805     
          18          10  0.920042857942638     
          19          12  0.891016347542575     
          20          13  0.956009779605043     
          21           3   1.13456198276840     
          22          21   1.24628651595964     
          23          22   1.57358531613285     
          24          23   1.27541616037217     
          25          24   1.27484682233381     
          26          25   1.57442765622364     
          27          26   1.24346167016049     
          28          27   1.45256742553587     
          29          24   1.23735120898951     
          29          28   1.29149989254599     
          30          21   1.45338947074655     
          30          29   1.29091323878862     
          31          22  0.970289891234666     
          32          23  0.967503071341040     
          33          25  0.967326968560043     
          34          26  0.969725373015723     
          35          28  0.963415944865359     
          36          30  0.964510368901806     
          37          27   1.13693640140792     
          38          37   2.63929323493755     
          39          38   1.14188868478248     
          40          39   1.33824757488075     
          41          40   1.45407907982621     
          42          41   1.42467632668762     
          43           1  0.593230285822271     
          43          42   1.33793845588968     
          44          39   1.34457257427350     
          44          43   1.37334248775950     
          45          40  0.964451918179119     
          46          41  0.961124983659788     
          47          42  0.899893571221075     
          48          44  0.916188898560113     
          50          49   2.63812231320839     
          51          50   1.14356498149978     
          52          51   1.43643812985289     
          53          52   1.34979544838026     
          54          53   1.53073097211451     
          55          54   1.27329235667626     
          56          55   1.28783727579115     
          57           1  0.595114531921484     
          57          56   1.45232136610518     
          58          57   1.23633928435126     
          59          58   1.54684659464120     
          60          51   1.21519156987036     
          60          55   1.23627228830901     
          60          59   1.29177906942354     
          61          52  0.968571043191226     
          62          53  0.967686828333918     
          63          54  0.964595367698959     
          64          56  0.920043177551378     
          65          58  0.891015704009322     
          66          59  0.956009431028423     
          67          49   1.13455539905399     
          68          67   1.24620859080854     
          69          68   1.57368157496070     
          70          69   1.27536887601047     
          71          70   1.27479108353797     
          72          71   1.57451102574812     
          73          72   1.24343248186787     
          74          73   1.45279438348584     
          75          70   1.23743519346076     
          75          74   1.29133791963491     
          76          67   1.45345039782369     
          76          75   1.29095335185954     
          77          68  0.970288523093688     
          78          69  0.967502441758661     
          79          71  0.967322013650003     
          80          72  0.969717852413534     
          81          74  0.963419555880232     
          82          76  0.964503450974111     
          83          73   1.13674618358753     
          84          83   2.63950693559230     
          85          84   1.14183115346538     
          86          85   1.33803720717181     
          87          86   1.45426551448024     
          88          87   1.42454389884368     
          89           2  0.593145753579837     
          89          88   1.33809361616954     
          90          85   1.34483584980832     
          90          89   1.37312406134736     
          91          86  0.964457690876023     
          92          87  0.961115345901379     
          93          88  0.899898385504802     
          94          90  0.916182619818838     
          96          95   2.63815971916198     
          97          96   1.14349339327369     
          98          97   1.43649406324595     
          99          98   1.34977273725550     
         100          99   1.53072970760451     
         101         100   1.27331113681695     
         102         101   1.28786186259436     
         103           2  0.594772015861546     
         103         102   1.45228216472361     
         104         103   1.23640196885295     
         105         104   1.54677370250757     
         106          97   1.21520078548791     
         106         101   1.23625942619937     
         106         105   1.29179471901004     
         107          98  0.968562188474547     
         108          99  0.967686712828267     
         109         100  0.964591445292814     
         110         102  0.920090646734729     
         111         104  0.890968291037673     
         112         105  0.956009968365719     
         113          95   1.13457314659836     
         114         113   1.24627372980668     
         115         114   1.57361954231453     
         116         115   1.27538262058397     
         117         116   1.27495111688080     
         118         117   1.57434156144764     
         119         118   1.24351819823635     
         120         119   1.45264244581988     
         121         116   1.23727947778110     
         121         120   1.29150358737297     
         122         113   1.45336434309237     
         122         121   1.29096150235616     
         123         114  0.970283656161115     
         124         115  0.967496791832480     
         125         117  0.967318692896366     
         126         118  0.969725687281253     
         127         120  0.963406242393635     
         128         122  0.964506983128352     
         129         119   1.13678690880948     
         130         129   2.63942620165796     
         131         130   1.14187550629425     
         132         131   1.33809018912878     
         133         132   1.45419221972890     
         134         133   1.42464535311182     
         135           1  0.592746798888789     
         135         134   1.33794947024287     
         136         131   1.34471848334138     
         136         135   1.37326483297497     
         137         132  0.964452305312173     
         138         133  0.961115271896013     
         139         134  0.899943532135629     
         140         136  0.916203424994878     
         142         141   2.63810346801663     
         143         142   1.14350416080782     
         144         143   1.43651185682651     
         145         144   1.34973180613194     
         146         145   1.53079402203538     
         147         146   1.27323421949095     
         148         147   1.28789395170961     
         149           1  0.594844103082687     
         149         148   1.45236679783236     
         150         149   1.23622880299381     
         151         150   1.54692837380984     
         152         143   1.21520701486681     
         152         147   1.23627268158624     
         152         151   1.29173243916547     
         153         144  0.968560020247908     
         154         145  0.967684611738731     
         155         146  0.964596130187932     
         156         148  0.920076566414347     
         157         150  0.890988491135150     
         158         151  0.956006974289463     
         159         141   1.13463121244009     
         160         159   1.24617196039541     
         161         160   1.57371519643739     
         162         161   1.27530143423610     
         163         162   1.27495128898374     
         164         163   1.57436185846801     
         165         164   1.24347830711177     
         166         165   1.45259879745382     
         167         162   1.23733960790326     
         167         166   1.29155710382273     
         168         159   1.45343192984738     
         168         167   1.29085670448028     
         169         160  0.970283985417352     
         170         161  0.967503216506004     
         171         163  0.967319694194037     
         172         164  0.969727290776495     
         173         166  0.963405224673004     
         174         168  0.964507135689444     
         175         165   1.13686705879557     
         176         175   2.63938985789934     
         177         176   1.14182859446484     
         178         177   1.33816325255314     
         179         178   1.45410518705049     
         180         179   1.42468505324250     
         181           2  0.592873867950082     
         181         180   1.33793786379685     
         182         177   1.34473843975979     
         182         181   1.37323443096368     
         183         178  0.964456433624766     
         184         179  0.961123639526483     
         185         180  0.899927565552210     
         186         182  0.916185918813546     
