    0.20249189
    0.01195086
   -0.01684632
    0.08770557
    0.09848691
   -0.10461072
    0.06992060
    0.05831990
   -0.01382693
    0.07708522
    0.10100465
    0.10723908
   -0.07071974
    0.09737670
    0.02276745
    0.01218576
   -0.01481186
    0.08665423
    0.09909323
   -0.09812100
    0.09018179
    0.05792817
   -0.01240608
    0.07683745
    0.10095325
    0.10700048
   -0.17361295
    0.09553834
    0.21235122
    0.01203397
   -0.01537851
    0.08490798
    0.09885583
   -0.10129350
    0.08836993
    0.05881889
   -0.01194249
    0.07970132
    0.10263201
    0.10768861
   -0.17779957
    0.09424488
    0.21104344
