           2           3   1.42843685588067     
           3           4   1.38131553133531     
           3           5  0.959860173803553     
           1           6  0.357525969428426     
           4           6   1.31965024059197     
           4           7   1.08490071840960     
           6           8   1.43675692841701     
           2           9   1.43854739647515     
           8           9   1.40522789531087     
           8          10  0.954136574899258     
           9          11  0.961363204496358     
           2          12  0.960107488678540     
           1          13  0.254136438304117     
           7          13   1.75310497743746     
           7          14  0.943327953641716     
           7          15  0.113568725622126     
          13          15   1.12748547228384     
          16          17   1.42090948405686     
          17          18   1.39447192767871     
          17          19  0.959688527665856     
           1          20  0.357369135793413     
          18          20   1.32491661294475     
          18          21   1.07477222878896     
          20          22   1.44297615647718     
          16          23   1.44636267876957     
          22          23   1.39963357491244     
          22          24  0.954900476538000     
          23          25  0.961391028677729     
          16          26  0.960337564273120     
           1          27  0.367351026101062     
          21          27   1.84643549752287     
          21          28  0.944156361237643     
          27          29  0.926068433360959     
          30          31   1.42052429099169     
          31          32   1.39461335588842     
          31          33  0.959757563282235     
           1          34  0.356766152171604     
          32          34   1.32328502220349     
          32          35   1.07553451396263     
          34          36   1.44364527473724     
          30          37   1.44680261808525     
          36          37   1.39852547591376     
          36          38  0.954638713954170     
          37          39  0.961063872885741     
          30          40  0.960198934137102     
           1          41  0.364870718322002     
          35          41   1.84613649821251     
          35          42  0.944371903759783     
          41          43  0.926867738834751     
