   -0.12113009
   -0.11026714
   -0.02245146
   -0.03434237
    0.04412996
   -0.01811924
   -0.01888381
   -0.03109321
    0.00389247
    0.06031268
   -0.09944549
    0.04170882
   -0.02871929
    0.01504205
    0.05823347
    0.05648645
    0.06986810
    0.11306789
    0.14828936
    0.10323156
    0.03844734
   -0.02691711
   -0.03072603
    0.01445539
   -0.03032829
   -0.03228162
   -0.00150837
   -0.04307796
    0.00833613
   -0.03971644
    0.03862526
    0.03322186
    0.03834519
    0.04798993
    0.07891663
    0.07509627
    0.01144986
   -0.00466172
   -0.02946340
    0.05896258
   -0.09642613
    0.04699489
    0.08227549
    0.09592767
    0.13583514
    0.12768075
   -0.02241206
   -0.03424880
    0.04432110
   -0.01805174
   -0.01865859
   -0.03097424
    0.00395201
    0.06138778
   -0.10490854
    0.04378257
   -0.02869270
    0.01484824
    0.05805491
    0.05640861
    0.07022900
    0.11365211
    0.15066785
    0.10361041
    0.03854070
   -0.02691640
   -0.03071006
    0.01431665
   -0.03039190
   -0.03249332
   -0.00189268
   -0.04326774
    0.00824987
   -0.03958880
    0.03870545
    0.03318988
    0.03845488
    0.04779505
    0.07887763
    0.07497001
    0.01122091
   -0.00454311
   -0.02924048
    0.05703623
   -0.09038128
    0.04574655
    0.08215612
    0.09505493
    0.13292250
    0.12619220
   -0.02244694
   -0.03434179
    0.04413412
   -0.01811198
   -0.01888129
   -0.03109146
    0.00388562
    0.06031766
   -0.09941807
    0.04171202
   -0.02870605
    0.01504006
    0.05821025
    0.05648735
    0.06986652
    0.11305102
    0.14830578
    0.10320542
    0.03844423
   -0.02693021
   -0.03072340
    0.01445887
   -0.03032923
   -0.03228047
   -0.00151021
   -0.04307451
    0.00834037
   -0.03971602
    0.03864506
    0.03322062
    0.03834468
    0.04798542
    0.07890727
    0.07510569
    0.01146617
   -0.00466779
   -0.02946660
    0.05895737
   -0.09633942
    0.04698631
    0.08226743
    0.09593148
    0.13582359
    0.12767804
   -0.02241467
   -0.03423719
    0.04430945
   -0.01805647
   -0.01863723
   -0.03096994
    0.00396174
    0.06138244
   -0.10495002
    0.04377153
   -0.02867586
    0.01485716
    0.05805164
    0.05638707
    0.07021231
    0.11366503
    0.15067705
    0.10362115
    0.03854792
   -0.02691135
   -0.03072170
    0.01431836
   -0.03038897
   -0.03250164
   -0.00188733
   -0.04327546
    0.00825840
   -0.03958700
    0.03869519
    0.03320574
    0.03843895
    0.04781264
    0.07887911
    0.07497438
    0.01122588
   -0.00455176
   -0.02923807
    0.05703545
   -0.09029315
    0.04574693
    0.08214967
    0.09504103
    0.13291380
    0.12617914
