           4           3   2.63955869342568     
           5           4   1.13927985678110     
           6           5   1.44035578720057     
           7           6   1.34838410677716     
           8           7   1.53151852133515     
           9           8   1.27420327903010     
          10           9   1.28362723380854     
          11           2  0.594887222038424     
          11          10   1.45987437709044     
          12          11   1.22785645660308     
          13          12   1.55289679528863     
          14           5   1.21588964413941     
          14           9   1.23844889167615     
          14          13   1.28719684389852     
          15           6  0.968439253831330     
          16           7  0.967873256114141     
          17           8  0.964850600377413     
          18          10  0.926491456311691     
          19          12  0.879015678482326     
          20          13  0.954215272502436     
          21           3   1.13081839569886     
          22          21   1.24741664166129     
          23          22   1.57463444718343     
          24          23   1.27315304751362     
          25          24   1.27903410936223     
          26          25   1.56657827194471     
          27          26   1.26944965666762     
          28          27   1.48779733552299     
          29          24   1.24037024520983     
          29          28   1.28544025323143     
          30          21   1.45609374185255     
          30          29   1.29179792120238     
          31          22  0.970154757072709     
          32          23  0.967313018178995     
          33          25  0.967201712378706     
          34          26  0.965715232114667     
          35          28  0.960213862813611     
          36          30  0.963377961678129     
          37          27   1.05872508507837     
          38          37   1.37276161619170     
          39          38   1.44241339587197     
          40          39   1.43406371752580     
          41           1  0.587829602409943     
          41          40   1.33582779648972     
          42          37   1.37441295510026     
          42          41   1.36803644103312     
          43          38  0.961363286383599     
          44          39  0.960958385335064     
          45          40  0.886075251929875     
          46          42  0.920915478670518     
          48          47   2.63937530671456     
          49          48   1.13996021140683     
          50          49   1.43940229818782     
          51          50   1.34900883857390     
          52          51   1.53076906148508     
          53          52   1.27477183210840     
          54          53   1.28398600303437     
          55           1  0.594562363276123     
          55          54   1.45538312423682     
          56          55   1.22683170894587     
          57          56   1.55080216182828     
          58          49   1.21611114491945     
          58          53   1.23780757425514     
          58          57   1.28810847397264     
          59          50  0.968467440147970     
          60          51  0.967896740283231     
          61          52  0.964806224440130     
          62          54  0.925624293272476     
          63          56  0.873292473458340     
          64          57  0.954436799154109     
          65          47   1.13163963723783     
          66          65   1.24725778575446     
          67          66   1.57492401503864     
          68          67   1.27304787999060     
          69          68   1.27907299486166     
          70          69   1.56638920227766     
          71          70   1.26960516519848     
          72          71   1.48887198256540     
          73          68   1.24044138523350     
          73          72   1.28488990690510     
          74          65   1.45541954047818     
          74          73   1.29221979746620     
          75          66  0.970152289115817     
          76          67  0.967322297945999     
          77          69  0.967178376832038     
          78          70  0.965867785503737     
          79          72  0.960303047258640     
          80          74  0.963378951555957     
          81          71   1.05729696004945     
          82          81   1.37258737163577     
          83          82   1.44285207634314     
          84          83   1.43410202089173     
          85           2  0.588201103331200     
          85          84   1.33962028845271     
          86          81   1.37606662946315     
          86          85   1.36996084289752     
          87          82  0.961429179988695     
          88          83  0.960918613685793     
          89          84  0.893919674842063     
          90          86  0.921186656869256     
          92          91   2.63945344043271     
          93          92   1.13935815871585     
          94          93   1.44017473792346     
          95          94   1.34858481265416     
          96          95   1.53130164716195     
          97          96   1.27436001266482     
          98          97   1.28362751471231     
          99           2  0.594830846946362     
          99          98   1.45992825897463     
         100          99   1.22786267837992     
         101         100   1.55284791236577     
         102          93   1.21595220741498     
         102          97   1.23828440469901     
         102         101   1.28728748936271     
         103          94  0.968433972258169     
         104          95  0.967872282025283     
         105          96  0.964853049980298     
         106          98  0.926489233770417     
         107         100  0.878990025107873     
         108         101  0.954206802997932     
         109          91   1.13091033899696     
         110         109   1.24726421816641     
         111         110   1.57475708494246     
         112         111   1.27308836575812     
         113         112   1.27899692570116     
         114         113   1.56663684270288     
         115         114   1.26939751897137     
         116         115   1.48778050500593     
         117         112   1.24044063761541     
         117         116   1.28547204409315     
         118         109   1.45616204162691     
         118         117   1.29170550992941     
         119         110  0.970161212209107     
         120         111  0.967309721618217     
         121         113  0.967200921405172     
         122         114  0.965714266404466     
         123         116  0.960209714431586     
         124         118  0.963382630554682     
         125         115   1.05877944781931     
         126         125   1.37281565074721     
         127         126   1.44231777360812     
         128         127   1.43414588881311     
         129           1  0.587914752852700     
         129         128   1.33578527157675     
         130         125   1.37434842977093     
         130         129   1.36806562942374     
         131         126  0.961363794466407     
         132         127  0.960960415251099     
         133         128  0.886078489849190     
         134         130  0.920909588368011     
         136         135   2.63925807731550     
         137         136   1.14009451665854     
         138         137   1.43939056192179     
         139         138   1.34903134118602     
         140         139   1.53077942786164     
         141         140   1.27472980613555     
         142         141   1.28395727991824     
         143           1  0.594553752853671     
         143         142   1.45539342840580     
         144         143   1.22683282758642     
         145         144   1.55072944933754     
         146         137   1.21593555673822     
         146         141   1.23787541608029     
         146         145   1.28822736689438     
         147         138  0.968464537040453     
         148         139  0.967884900793445     
         149         140  0.964800524033014     
         150         142  0.925630591103046     
         151         144  0.873304586156036     
         152         145  0.954433265007559     
         153         135   1.13164843459273     
         154         153   1.24726674825313     
         155         154   1.57494623448940     
         156         155   1.27298618215779     
         157         156   1.27911694122778     
         158         157   1.56636406779342     
         159         158   1.26960070368972     
         160         159   1.48883966548478     
         161         156   1.24045712471896     
         161         160   1.28490837098042     
         162         153   1.45540745033388     
         162         161   1.29220378588157     
         163         154  0.970149172874275     
         164         155  0.967328086113873     
         165         157  0.967176132319541     
         166         158  0.965878056368953     
         167         160  0.960302056208245     
         168         162  0.963375588439605     
         169         159   1.05734227890461     
         170         169   1.37251111972648     
         171         170   1.44286046436996     
         172         171   1.43413408734793     
         173           2  0.588271785169110     
         173         172   1.33961388805618     
         174         169   1.37610483005298     
         174         173   1.36995908791856     
         175         170  0.961437815324844     
         176         171  0.960916737302665     
         177         172  0.893931325623513     
         178         174  0.921143137122364     
