   -0.07287330
   -0.07282001
   -0.00486496
   -0.02916762
    0.04958448
   -0.00354301
   -0.02663855
    0.05630874
   -0.10001564
    0.04595677
    0.08976659
    0.09392427
    0.12294508
    0.14464764
    0.04024144
   -0.02225443
   -0.02462530
   -0.02508170
   -0.00095693
   -0.04052065
    0.05621004
    0.04646804
    0.05423472
    0.08618134
    0.01004850
   -0.00277322
   -0.02768577
    0.05810059
   -0.10072513
    0.04595013
    0.08585432
    0.09787537
    0.13078746
    0.13018554
   -0.00487237
   -0.02915331
    0.04956725
   -0.00355243
   -0.02663725
    0.05630411
   -0.10000756
    0.04596561
    0.08974742
    0.09392173
    0.12292800
    0.14464701
    0.04023795
   -0.02224145
   -0.02463092
   -0.02507006
   -0.00093550
   -0.04051817
    0.05618395
    0.04645882
    0.05422289
    0.08619969
    0.01004992
   -0.00278315
   -0.02769967
    0.05810174
   -0.10071968
    0.04594887
    0.08587812
    0.09786994
    0.13078425
    0.13018787
   -0.00486656
   -0.02917192
    0.04956022
   -0.00355337
   -0.02663333
    0.05628910
   -0.09995918
    0.04597473
    0.08977250
    0.09391082
    0.12295027
    0.14464774
    0.04025324
   -0.02225275
   -0.02463223
   -0.02507379
   -0.00093592
   -0.04051595
    0.05620030
    0.04645803
    0.05422704
    0.08617203
    0.01003354
   -0.00277926
   -0.02768911
    0.05812133
   -0.10067375
    0.04593582
    0.08584985
    0.09785303
    0.13078092
    0.13017648
   -0.00487266
   -0.02916152
    0.04956555
   -0.00355671
   -0.02663827
    0.05628715
   -0.09993742
    0.04595699
    0.08975433
    0.09390922
    0.12294802
    0.14467078
    0.04024207
   -0.02223061
   -0.02462630
   -0.02506688
   -0.00092950
   -0.04052365
    0.05617852
    0.04645885
    0.05421440
    0.08619171
    0.01005474
   -0.00278255
   -0.02769935
    0.05810773
   -0.10068632
    0.04594755
    0.08586381
    0.09786590
    0.13078135
    0.13017476
