           4           3   2.65197500948162     
           5           4   1.13303833592732     
           6           5   1.33696134513544     
           7           6   1.45866480816362     
           8           7   1.41773446665303     
           9           2  0.593422861400643     
           9           8   1.35098360058774     
          10           5   1.35821319965813     
          10           9   1.35436720528526     
          11           6  0.963235748534111     
          12           7  0.960899088472517     
          13           8  0.917955944477218     
          14          10  0.896406812597725     
          15           3   1.12653838776568     
          16          15   1.34915044596430     
          17          16   1.44931980306663     
          18          17   1.44232510489924     
          19          18   1.37190244371432     
          20          15   1.36591945372580     
          20          19   1.39957282483193     
          21          16  0.968946184456406     
          22          17  0.968358392800883     
          23          18  0.965879758426846     
          24          20  0.961174035587266     
          25          19   1.05350462754736     
          26          25   1.37052783753882     
          27          26   1.44581550743805     
          28          27   1.43051389410486     
          29           1  0.588693245690150     
          29          28   1.34542075310595     
          30          25   1.38438660700427     
          30          29   1.35932408129146     
          31          26  0.960894178425199     
          32          27  0.960437588498729     
          33          28  0.904772582796915     
          34          30  0.912416383015772     
          36          35   2.65195768489202     
          37          36   1.13313099242085     
          38          37   1.33686255735617     
          39          38   1.45875783099786     
          40          39   1.41767580454895     
          41           1  0.593370420636531     
          41          40   1.35096783927756     
          42          37   1.35816320532095     
          42          41   1.35443804987097     
          43          38  0.963241263529212     
          44          39  0.960898587901786     
          45          40  0.917913481510404     
          46          42  0.896407051234648     
          47          35   1.12656422285317     
          48          47   1.34894121585579     
          49          48   1.44959065284064     
          50          49   1.44204426175535     
          51          50   1.37212238298486     
          52          47   1.36607759757571     
          52          51   1.39940251627651     
          53          48  0.968943341902291     
          54          49  0.968365065257498     
          55          50  0.965876257823979     
          56          52  0.961171246695386     
          57          51   1.05349538819141     
          58          57   1.37050469227329     
          59          58   1.44580693128858     
          60          59   1.43048637911494     
          61           2  0.588680588514094     
          61          60   1.34550991344047     
          62          57   1.38445589088495     
          62          61   1.35923572848017     
          63          58  0.960896282887590     
          64          59  0.960441586376025     
          65          60  0.904769353461889     
          66          62  0.912459547470178     
          68          67   2.65198859381951     
          69          68   1.13303208294196     
          70          69   1.33702036768649     
          71          70   1.45865557034869     
          72          71   1.41774962894840     
          73           2  0.593380008404281     
          73          72   1.35090396163337     
          74          69   1.35808239772770     
          74          73   1.35455378892689     
          75          70  0.963240370011414     
          76          71  0.960899037826331     
          77          72  0.917956514402622     
          78          74  0.896379122315740     
          79          67   1.12653111664306     
          80          79   1.34911053208949     
          81          80   1.44939629854307     
          82          81   1.44219839429486     
          83          82   1.37205736833703     
          84          79   1.36598594744316     
          84          83   1.39946607453373     
          85          80  0.968944541783637     
          86          81  0.968363063016982     
          87          82  0.965875744844726     
          88          84  0.961167842259063     
          89          83   1.05348562262642     
          90          89   1.37041139570866     
          91          90   1.44595656411228     
          92          91   1.43036420796586     
          93           1  0.588652491520543     
          93          92   1.34558913667351     
          94          89   1.38449540471807     
          94          93   1.35922588708071     
          95          90  0.960897920712350     
          96          91  0.960436958801237     
          97          92  0.904755498020019     
          98          94  0.912424908315263     
         100          99   2.65199480944838     
         101         100   1.13309124890996     
         102         101   1.33697712791871     
         103         102   1.45871177960643     
         104         103   1.41766864365225     
         105           1  0.593438742449215     
         105         104   1.35095762491372     
         106         101   1.35807295450782     
         106         105   1.35448879282874     
         107         102  0.963239552134241     
         108         103  0.960903821032064     
         109         104  0.917920519458818     
         110         106  0.896397866289391     
         111          99   1.12654715915286     
         112         111   1.34910804220022     
         113         112   1.44942376664420     
         114         113   1.44219915806904     
         115         114   1.37199044053913     
         116         111   1.36594081378946     
         116         115   1.39951372105185     
         117         112  0.968938604006532     
         118         113  0.968362586429781     
         119         114  0.965872732476547     
         120         116  0.961170311487784     
         121         115   1.05352299038849     
         122         121   1.37035036850094     
         123         122   1.44596056744671     
         124         123   1.43035099533800     
         125           2  0.588687143507387     
         125         124   1.34561887490191     
         126         121   1.38457394096399     
         126         125   1.35914839491845     
         127         122  0.960893980665209     
         128         123  0.960441231689233     
         129         124  0.904771211701863     
         130         126  0.912442530243846     
