   -0.06773533
   -0.06785176
   -0.00464741
   -0.02866791
    0.04956050
   -0.00356039
   -0.02672025
    0.05718381
   -0.10669258
    0.04715049
    0.09021659
    0.09533499
    0.12494187
    0.14164917
    0.04032107
   -0.02219164
   -0.02463593
   -0.02474283
   -0.00070992
   -0.04097761
    0.05649408
    0.04625638
    0.05372132
    0.08564669
    0.01035079
   -0.00284212
   -0.02765985
    0.05676828
   -0.09524863
    0.04511629
    0.08513443
    0.09650484
    0.12779606
    0.13176605
   -0.00505608
   -0.02923759
    0.04961945
   -0.00365978
   -0.02665675
    0.05685318
   -0.10002393
    0.04490965
    0.08946865
    0.09377420
    0.12593553
    0.14126875
    0.04027869
   -0.02214143
   -0.02456790
   -0.02491392
   -0.00110327
   -0.04034584
    0.05600722
    0.04633069
    0.05449601
    0.08631082
    0.00976874
   -0.00259206
   -0.02750994
    0.05723192
   -0.10285964
    0.04652430
    0.08620010
    0.09825924
    0.12852022
    0.13401714
   -0.00461480
   -0.02865976
    0.04955959
   -0.00353975
   -0.02670246
    0.05720717
   -0.10702953
    0.04720836
    0.09029284
    0.09537638
    0.12494532
    0.14157350
    0.04030013
   -0.02220806
   -0.02462265
   -0.02476463
   -0.00073363
   -0.04099458
    0.05655577
    0.04629344
    0.05373415
    0.08559252
    0.01035758
   -0.00283552
   -0.02766285
    0.05682022
   -0.09546113
    0.04509861
    0.08514717
    0.09650758
    0.12778519
    0.13173860
   -0.00506529
   -0.02925127
    0.04963554
   -0.00366028
   -0.02664882
    0.05679706
   -0.09969458
    0.04487882
    0.08944801
    0.09376261
    0.12599715
    0.14131317
    0.04027368
   -0.02215861
   -0.02457149
   -0.02491635
   -0.00108577
   -0.04036764
    0.05599128
    0.04631511
    0.05445251
    0.08629166
    0.00979458
   -0.00261194
   -0.02753874
    0.05720524
   -0.10245809
    0.04649007
    0.08615140
    0.09823648
    0.12851487
    0.13407890
