           4           3   2.65189503838170     
           5           4   1.13328136873226     
           6           5   1.33904539724448     
           7           6   1.45531966880462     
           8           7   1.42178452988075     
           9           2  0.592012745138159     
           9           8   1.34483122809192     
          10           5   1.35568575559427     
          10           9   1.35862288055386     
          11           6  0.963190972383534     
          12           7  0.960572633635264     
          13           8  0.911088510006385     
          14          10  0.904821891511031     
          15           3   1.12647941847372     
          16          15   1.34892025458792     
          17          16   1.44956263006020     
          18          17   1.44204557326205     
          19          18   1.37221503987251     
          20          15   1.36646517713893     
          20          19   1.39859226694945     
          21          16  0.968913111494013     
          22          17  0.968430227964480     
          23          18  0.965889440409345     
          24          20  0.960842292971160     
          25          19   1.05439501711216     
          26          25   1.36775950559533     
          27          26   1.44911709117694     
          28          27   1.42686694896044     
          29           1  0.590997842933868     
          29          28   1.35040952373560     
          30          25   1.38672166196292     
          30          29   1.35545476694897     
          31          26  0.960961098963772     
          32          27  0.960761086954070     
          33          28  0.912333675761748     
          34          30  0.905749169299537     
          36          35   2.65139893479764     
          37          36   1.13457930998214     
          38          37   1.33773687062975     
          39          38   1.45708351995324     
          40          39   1.41972712876929     
          41           2  0.596837492591282     
          41          40   1.34684729360669     
          42          37   1.35540714432403     
          42          41   1.35696017378634     
          43          38  0.963310197170813     
          44          39  0.960945524876207     
          45          40  0.913360662798706     
          46          42  0.902119398121733     
          47          35   1.12808845607433     
          48          47   1.34871101082168     
          49          48   1.45000875009406     
          50          49   1.44164854751067     
          51          50   1.37241909412488     
          52          47   1.36449188596920     
          52          51   1.40085400101772     
          53          48  0.968973032877019     
          54          49  0.968413914782698     
          55          50  0.966131300954720     
          56          52  0.961353349777952     
          57          51   1.05181633347510     
          58          57   1.36981392441275     
          59          58   1.44688642694335     
          60          59   1.42906226356331     
          61           1  0.586016951233062     
          61          60   1.34787015081798     
          62          57   1.38691582146318     
          62          61   1.35639766248735     
          63          58  0.961043787626629     
          64          59  0.960375212787443     
          65          60  0.908382793065429     
          66          62  0.908244577274746     
          68          67   2.65184925574917     
          69          68   1.13317566796573     
          70          69   1.33916835967668     
          71          70   1.45520647147010     
          72          71   1.42192200562769     
          73           1  0.591766950146284     
          73          72   1.34468664704856     
          74          69   1.35566560886995     
          74          73   1.35871694757915     
          75          70  0.963181371142476     
          76          71  0.960562077520661     
          77          72  0.911180570958897     
          78          74  0.904803684015660     
          79          67   1.12641837558471     
          80          79   1.34886514828496     
          81          80   1.44968698858495     
          82          81   1.44194264170827     
          83          82   1.37226179059164     
          84          79   1.36653858610268     
          84          83   1.39854096869546     
          85          80  0.968908795547551     
          86          81  0.968416005620610     
          87          82  0.965904830204190     
          88          84  0.960856273135151     
          89          83   1.05441014320007     
          90          89   1.36781727582928     
          91          90   1.44906761363179     
          92          91   1.42687221935367     
          93           2  0.590775714638117     
          93          92   1.35043805867667     
          94          89   1.38666917063645     
          94          93   1.35545021797614     
          95          90  0.960971673824147     
          96          91  0.960765107232391     
          97          92  0.912317917125307     
          98          94  0.905684480033427     
         100          99   2.65135346876679     
         101         100   1.13453290262525     
         102         101   1.33792505554564     
         103         102   1.45691819065066     
         104         103   1.41984508023481     
         105           1  0.597129190579608     
         105         104   1.34675292940367     
         106         101   1.35529105379685     
         106         105   1.35705375362000     
         107         102  0.963307103076302     
         108         103  0.960950515846951     
         109         104  0.913366572922604     
         110         106  0.902133546338987     
         111          99   1.12806018785634     
         112         111   1.34888302861173     
         113         112   1.44988132849350     
         114         113   1.44172160190516     
         115         114   1.37244792627939     
         116         111   1.36435909356782     
         116         115   1.40093703960214     
         117         112  0.968971373374872     
         118         113  0.968413318334509     
         119         114  0.966125931009573     
         120         116  0.961361882632324     
         121         115   1.05171781522122     
         122         121   1.36989563086636     
         123         122   1.44684712165022     
         124         123   1.42901044082120     
         125           2  0.586318790199313     
         125         124   1.34801689418319     
         126         121   1.38698374308775     
         126         125   1.35631157660435     
         127         122  0.961059155424065     
         128         123  0.960396899870582     
         129         124  0.908341369253769     
         130         126  0.908210955176318     
