   -0.13212377
   -0.13242669
   -0.01882898
   -0.03561145
    0.04413464
   -0.02194929
   -0.01593147
   -0.03098984
    0.02663720
   -0.03309088
    0.04991289
   -0.10184749
    0.06119448
   -0.00454169
    0.06503637
    0.05872917
    0.06454511
    0.09199560
    0.13239275
    0.11669196
    0.03945370
   -0.02511003
   -0.02448683
    0.03723643
   -0.03110049
   -0.03302271
    0.04354108
    0.04703478
    0.06997631
    0.06918892
   -0.00699838
   -0.03477315
    0.04800769
   -0.00570496
   -0.02786505
    0.05402135
   -0.08961837
    0.05048923
    0.08909834
    0.09236923
    0.11624384
    0.14072233
   -0.01908157
   -0.03592183
    0.04415042
   -0.02186771
   -0.01592400
   -0.03103333
    0.02659158
   -0.03318656
    0.05004388
   -0.10513460
    0.06186292
   -0.00478244
    0.06467663
    0.05868522
    0.06467200
    0.09224499
    0.13245121
    0.11572021
    0.03968299
   -0.02500177
   -0.02426198
    0.03739979
   -0.03380743
   -0.03440367
    0.04197224
    0.04541323
    0.07712279
    0.07434624
   -0.00769992
   -0.03531481
    0.04788833
   -0.00584978
   -0.02804555
    0.05369515
   -0.09153720
    0.05060293
    0.08845797
    0.09197375
    0.11589926
    0.14080038
   -0.01894631
   -0.03567168
    0.04410759
   -0.02187356
   -0.01592977
   -0.03097648
    0.02663815
   -0.03313825
    0.04998033
   -0.10404153
    0.06167320
   -0.00472166
    0.06493384
    0.05876681
    0.06464882
    0.09215744
    0.13227366
    0.11582475
    0.03960610
   -0.02491080
   -0.02428379
    0.03740179
   -0.03144932
   -0.03312153
    0.04279158
    0.04630609
    0.07219453
    0.07062753
   -0.00717235
   -0.03485222
    0.04794229
   -0.00575277
   -0.02793085
    0.05394253
   -0.09050449
    0.05047482
    0.08888781
    0.09222735
    0.11617859
    0.14081131
   -0.01919898
   -0.03498433
    0.04391881
   -0.02167379
   -0.01594008
   -0.03075186
    0.02676737
   -0.03302303
    0.04999762
   -0.10124924
    0.06147011
   -0.00466974
    0.06536717
    0.05886049
    0.06468082
    0.09211302
    0.13233785
    0.11555459
    0.03980976
   -0.02433446
   -0.02365272
    0.03729360
   -0.03145567
   -0.03296417
    0.04318980
    0.04696421
    0.06985334
    0.06768465
   -0.00752963
   -0.03443428
    0.04765904
   -0.00571294
   -0.02778896
    0.05410519
   -0.08843511
    0.05042569
    0.08934631
    0.09234249
    0.11627821
    0.14052747
