           4           3   2.62806810383888     
           5           4   1.14576703061630     
           6           5   1.43759873861416     
           7           6   1.35510276323827     
           8           7   1.51505295665504     
           9           8   1.29629289366083     
          10           9   1.26787625468618     
          11          10   1.56097191797157     
          12           2  0.592386483546156     
          12          11   1.23380311292739     
          13          12   1.43848641621719     
          14           5   1.20373076741736     
          14           9   1.23210267995033     
          14          13   1.31261763568299     
          15           6  0.967233984269409     
          16           7  0.967493750112433     
          17           8  0.965390732554834     
          18          10  0.959556702391534     
          19          11  0.879512193256188     
          20          13  0.924159717005977     
          21           3   1.13871934380501     
          22          21   1.33900506174867     
          23          22   1.48104474081608     
          24          23   1.34095462453577     
          25          24   1.33590800793609     
          26          21   1.33851007284650     
          26          25   1.48468197597383     
          27          22  0.969163672870867     
          28          23  0.968743011907020     
          29          25  0.965681916972922     
          30          26  0.965834207997321     
          31          24   1.13861684952576     
          32          31   2.63811251938783     
          33          32   1.13838036872662     
          34          33   1.33113526308485     
          35          34   1.46565191345690     
          36          35   1.41028130660732     
          37           1  0.594429999769197     
          37          36   1.35652910417893     
          38          33   1.35571113919229     
          38          37   1.35038961889705     
          39          34  0.963353256162705     
          40          35  0.961308386329686     
          41          36  0.926819866952924     
          42          38  0.880122123653897     
          44          43   2.62645636588108     
          45          44   1.14862134562011     
          46          45   1.43554871572238     
          47          46   1.35634286241421     
          48          47   1.51386821587923     
          49          48   1.29666037704062     
          50          49   1.26750053212580     
          51          50   1.56138421860576     
          52           1  0.589526983115004     
          52          51   1.23333028239548     
          53          52   1.43806959444172     
          54          45   1.20274599072329     
          54          49   1.23206470442631     
          54          53   1.31350202359588     
          55          46  0.967272353446292     
          56          47  0.967519249206757     
          57          48  0.965383849642383     
          58          50  0.959517317569045     
          59          51  0.879110768870014     
          60          53  0.924637021629940     
          61          43   1.14158156485004     
          62          61   1.33682306194623     
          63          62   1.48253944999789     
          64          63   1.34005063606503     
          65          64   1.33332960766400     
          66          61   1.33681721601957     
          66          65   1.48648630497535     
          67          62  0.969369862417228     
          68          63  0.968902893590144     
          69          65  0.964948804572524     
          70          66  0.965096131128302     
          71          64   1.14120296436263     
          72          71   2.63661347992228     
          73          72   1.14075941798745     
          74          73   1.33061279417999     
          75          74   1.46577806488698     
          76          75   1.41034496446354     
          77           2  0.591940619427049     
          77          76   1.35553276543613     
          78          73   1.35335810931260     
          78          77   1.35189867664359     
          79          74  0.963465080385029     
          80          75  0.961405766324410     
          81          76  0.927035937121269     
          82          78  0.880176765232721     
          84          83   2.62701003978681     
          85          84   1.14781400255762     
          86          85   1.43634147439373     
          87          86   1.35574966375489     
          88          87   1.51446676382347     
          89          88   1.29633912930243     
          90          89   1.26771526491827     
          91          90   1.56115601899687     
          92           2  0.590524924071255     
          92          91   1.23361323090884     
          93          92   1.43813957502726     
          94          85   1.20289430638044     
          94          89   1.23218579824269     
          94          93   1.31323475329236     
          95          86  0.967247893056358     
          96          87  0.967509885561745     
          97          88  0.965380632179127     
          98          90  0.959528012085579     
          99          91  0.879796169854342     
         100          93  0.924337242026412     
         101          83   1.14091448330563     
         102         101   1.33795230015533     
         103         102   1.48183520831987     
         104         103   1.34031899259097     
         105         104   1.33420569589645     
         106         101   1.33681868028154     
         106         105   1.48629321302094     
         107         102  0.969275055786693     
         108         103  0.968844608282999     
         109         105  0.965513370365128     
         110         106  0.965631780469439     
         111         104   1.14033671631780     
         112         111   2.63745108177067     
         113         112   1.13968668065292     
         114         113   1.33060579604036     
         115         114   1.46589062605016     
         116         115   1.41006696813889     
         117           1  0.593634375090582     
         117         116   1.35620552202695     
         118         113   1.35467276627147     
         118         117   1.35078087471388     
         119         114  0.963387060601492     
         120         115  0.961355882846498     
         121         116  0.926925676177957     
         122         118  0.879995955292914     
         124         123   2.62738132903879     
         125         124   1.14811238683696     
         126         125   1.43665754661581     
         127         126   1.35537041569252     
         128         127   1.51486208060452     
         129         128   1.29590525437583     
         130         129   1.26798130107430     
         131         130   1.56059732253436     
         132           1  0.593622632595364     
         132         131   1.23429353922066     
         133         132   1.43763830353485     
         134         125   1.20244230082214     
         134         129   1.23242217862883     
         134         133   1.31337298796204     
         135         126  0.967202064521776     
         136         127  0.967521108072855     
         137         128  0.965392932939028     
         138         130  0.959567858952511     
         139         131  0.880189661185078     
         140         133  0.923885582748449     
         141         123   1.14166792415368     
         142         141   1.33778931727155     
         143         142   1.48196547402215     
         144         143   1.34006639662100     
         145         144   1.33347099936171     
         146         141   1.33595285681893     
         146         145   1.48747486194299     
         147         142  0.969254226967420     
         148         143  0.968789225134935     
         149         145  0.965768288017573     
         150         146  0.965903131957611     
         151         144   1.14103593564630     
         152         151   2.63801500754319     
         153         152   1.13988254058537     
         154         153   1.32999327337788     
         155         154   1.46623969808486     
         156         155   1.40965864980640     
         157           2  0.596071826049687     
         157         156   1.35657419587046     
         158         153   1.35510729402893     
         158         157   1.35034229753854     
         159         154  0.963302964234440     
         160         155  0.961323635913747     
         161         156  0.926869155808538     
         162         158  0.879793873197496     
