   -0.08736669
   -0.08726064
   -0.01986081
   -0.03577813
    0.04340117
   -0.02220364
   -0.01631010
   -0.03129399
    0.02711825
   -0.03287519
    0.04420674
   -0.09333459
    0.06070989
   -0.00436750
    0.06520105
    0.05845786
    0.06367870
    0.09025305
    0.12166871
    0.12037220
    0.03936108
   -0.03452896
   -0.03438996
    0.03699656
   -0.02448742
   -0.02515847
    0.07128775
    0.07637624
    0.04683746
    0.04283713
   -0.00772360
   -0.03494602
    0.04765473
   -0.00590618
   -0.02838585
    0.05455850
   -0.09889698
    0.04584370
    0.08972251
    0.09423557
    0.12127122
    0.13184878
   -0.01861890
   -0.03602894
    0.04385974
   -0.02243022
   -0.01612667
   -0.03139927
    0.02692297
   -0.03274331
    0.04420498
   -0.09389817
    0.05979087
   -0.00431342
    0.06548178
    0.05873926
    0.06381916
    0.09045316
    0.12226546
    0.12304402
    0.03847165
   -0.03367016
   -0.03113283
    0.03634654
   -0.02616296
   -0.02673634
    0.06746367
    0.06737814
    0.05004541
    0.04714911
   -0.00711949
   -0.03516406
    0.04810879
   -0.00603227
   -0.02852172
    0.05414496
   -0.09660426
    0.04644315
    0.08965406
    0.09429707
    0.12180620
    0.13109109
   -0.01983927
   -0.03573065
    0.04340358
   -0.02221327
   -0.01631177
   -0.03129057
    0.02710613
   -0.03290461
    0.04419301
   -0.09317964
    0.06068143
   -0.00437049
    0.06520994
    0.05845188
    0.06366168
    0.09024144
    0.12166572
    0.12048836
    0.03938403
   -0.03451278
   -0.03439606
    0.03697567
   -0.02443776
   -0.02517332
    0.07132917
    0.07648790
    0.04681762
    0.04285628
   -0.00779179
   -0.03500228
    0.04758241
   -0.00593621
   -0.02841451
    0.05451195
   -0.09869199
    0.04569386
    0.08966189
    0.09415717
    0.12129772
    0.13169001
   -0.01857360
   -0.03596845
    0.04387602
   -0.02239664
   -0.01610174
   -0.03137604
    0.02692678
   -0.03273022
    0.04428377
   -0.09453598
    0.05985138
   -0.00436797
    0.06549832
    0.05878645
    0.06391154
    0.09056145
    0.12233899
    0.12296670
    0.03853785
   -0.02674182
   -0.02607144
    0.03635163
   -0.03114536
   -0.03372858
    0.04710547
    0.04998101
    0.06760087
    0.06762186
   -0.00716722
   -0.03520744
    0.04806478
   -0.00605066
   -0.02854031
    0.05419083
   -0.09736856
    0.04643395
    0.08968711
    0.09427091
    0.12163581
    0.13113434
