           4           3   2.62734304965312     
           5           4   1.14781567808989     
           6           5   1.44000310406494     
           7           6   1.35267812797312     
           8           7   1.51759410320335     
           9           8   1.29362491227527     
          10           9   1.27233290979170     
          11          10   1.55455354777753     
          12           2  0.599118802862671     
          12          11   1.24530258207356     
          13          12   1.43130261108822     
          14           5   1.19938538635230     
          14           9   1.23051783612464     
          14          13   1.31907121440509     
          15           6  0.967213133525155     
          16           7  0.967599989079379     
          17           8  0.965508263251528     
          18          10  0.959822475009438     
          19          11  0.904899135212556     
          20          13  0.911744817840162     
          21           3   1.14090822445590     
          22          21   1.33772608931528     
          23          22   1.48548978930914     
          24          23   1.33508892222178     
          25          24   1.33965660882615     
          26          21   1.33694975844400     
          26          25   1.48248094537260     
          27          22  0.965459501172592     
          28          23  0.965086880416950     
          29          25  0.968756533973814     
          30          26  0.969233676947671     
          31          24   1.14008089153448     
          32          31   2.63702712088667     
          33          32   1.13972844160908     
          34          33   1.33552639650140     
          35          34   1.45838927987199     
          36          35   1.41903743167068     
          37           1  0.592588705809482     
          37          36   1.34491553662658     
          38          33   1.35016221851578     
          38          37   1.36050872526686     
          39          34  0.963243126708371     
          40          35  0.960876546981239     
          41          36  0.913791958292903     
          42          38  0.905098286000457     
          44          43   2.63050652558384     
          45          44   1.13949890251711     
          46          45   1.44511284657934     
          47          46   1.35005993343152     
          48          47   1.51963520849013     
          49          48   1.29409376923641     
          50          49   1.27172856805871     
          51          50   1.55597094431075     
          52           2  0.599637581641507     
          52          51   1.24332163208842     
          53          52   1.43345663914858     
          54          45   1.20271615805744     
          54          49   1.23032074019058     
          54          53   1.31657885558094     
          55          46  0.967158323529682     
          56          47  0.967466782336565     
          57          48  0.965428426230598     
          58          50  0.959715244293349     
          59          51  0.902811613197438     
          60          53  0.913200482558324     
          61          43   1.13206841096385     
          62          61   1.34191846026436     
          63          62   1.48063014346728     
          64          63   1.33988706321492     
          65          64   1.34286758057691     
          66          61   1.34346180570819     
          66          65   1.47833253314893     
          67          62  0.966127742192072     
          68          63  0.966227903884342     
          69          65  0.968390967329739     
          70          66  0.968747989946949     
          71          64   1.13486397318976     
          72          71   2.63866848995895     
          73          72   1.13587777189221     
          74          73   1.33832697426692     
          75          74   1.45666622392289     
          76          75   1.42048452694470     
          77           1  0.591712693395971     
          77          76   1.34488331625395     
          78          73   1.35164520288769     
          78          77   1.36079687039418     
          79          74  0.963256419082889     
          80          75  0.960880019851037     
          81          76  0.913146209804609     
          82          78  0.905964374432030     
          84          83   2.62713633660060     
          85          84   1.14790776526235     
          86          85   1.44006137144094     
          87          86   1.35256909719486     
          88          87   1.51773127441111     
          89          88   1.29350456544293     
          90          89   1.27233694833508     
          91          90   1.55443177355259     
          92           1  0.599121938868628     
          92          91   1.24550578924138     
          93          92   1.43124729074374     
          94          85   1.19927455583860     
          94          89   1.23065789011107     
          94          93   1.31903183565627     
          95          86  0.967214642972428     
          96          87  0.967594873502218     
          97          88  0.965506550405207     
          98          90  0.959835579736868     
          99          91  0.904913755820387     
         100          93  0.911703700340191     
         101          83   1.14100574235826     
         102         101   1.33753779662962     
         103         102   1.48579758678745     
         104         103   1.33473350183535     
         105         104   1.33964790494840     
         106         101   1.33689461363077     
         106         105   1.48253208306091     
         107         102  0.965461206406209     
         108         103  0.965065593102001     
         109         105  0.968745948134470     
         110         106  0.969251806510076     
         111         104   1.14039629883001     
         112         111   2.63690159271182     
         113         112   1.14006355334375     
         114         113   1.33541508677351     
         115         114   1.45846691323555     
         116         115   1.41888775268766     
         117           2  0.592630968082972     
         117         116   1.34487748762940     
         118         113   1.34988017674949     
         118         117   1.36055475483372     
         119         114  0.963253063622203     
         120         115  0.960911998576866     
         121         116  0.913830193572723     
         122         118  0.905210606088915     
         124         123   2.63049996895697     
         125         124   1.13930998315435     
         126         125   1.44526699794131     
         127         126   1.34998533594964     
         128         127   1.51970487575661     
         129         128   1.29409960199436     
         130         129   1.27173639916938     
         131         130   1.55594024611933     
         132           1  0.598965336041792     
         132         131   1.24330685835244     
         133         132   1.43355833524918     
         134         125   1.20280064877278     
         134         129   1.23032564341283     
         134         133   1.31644989308733     
         135         126  0.967155887808301     
         136         127  0.967454277146204     
         137         128  0.965416875146473     
         138         130  0.959699311179179     
         139         131  0.902725029332158     
         140         133  0.913243998931532     
         141         123   1.13192428704675     
         142         141   1.34365101417620     
         143         142   1.47828208948001     
         144         143   1.34285757309645     
         145         144   1.33958741865249     
         146         141   1.34177578816973     
         146         145   1.48074373422212     
         147         142  0.968775009665178     
         148         143  0.968405245204494     
         149         145  0.966191741183588     
         150         146  0.966121603357920     
         151         144   1.13529786974412     
         152         151   2.63864038319822     
         153         152   1.13633534568687     
         154         153   1.33789803383728     
         155         154   1.45688051025953     
         156         155   1.42033212479606     
         157           2  0.591153452386892     
         157         156   1.34495074016484     
         158         153   1.35155681737652     
         158         157   1.36063006941260     
         159         154  0.963266403334341     
         160         155  0.960879403991984     
         161         156  0.913250852683932     
         162         158  0.905918324019088     
