    0.20249233
    0.01195265
   -0.01684457
    0.08770637
    0.09849186
   -0.10458686
    0.06992034
    0.05832076
   -0.01382770
    0.07707872
    0.10100598
    0.10724282
   -0.07070300
    0.09738092
    0.02279774
    0.01218449
   -0.01481333
    0.08665439
    0.09909355
   -0.09813581
    0.09017286
    0.05792759
   -0.01240812
    0.07682012
    0.10095082
    0.10700094
   -0.17362008
    0.09554019
    0.21236495
    0.01203257
   -0.01537963
    0.08491179
    0.09885408
   -0.10131943
    0.08836829
    0.05881952
   -0.01194644
    0.07966727
    0.10262241
    0.10768577
   -0.17778064
    0.09425183
    0.21105173
