           2           3   1.42843216636415     
           3           4   1.38132011134319     
           3           5  0.959859196120144     
           1           6  0.357594334010608     
           4           6   1.31963340660582     
           4           7   1.08491535553007     
           6           8   1.43675355081942     
           2           9   1.43855001912674     
           8           9   1.40522553503794     
           8          10  0.954135252506991     
           9          11  0.961363099425316     
           2          12  0.960106617740712     
           1          13  0.254157660722774     
           7          13   1.75308865051117     
           7          14  0.943331062446209     
           7          15  0.113578496933274     
          13          15   1.12750615893983     
          16          17   1.42090837258666     
          17          18   1.39447085631679     
          17          19  0.959689580118812     
           1          20  0.357338564704082     
          18          20   1.32491290122452     
          18          21   1.07478149397880     
          20          22   1.44299387318431     
          16          23   1.44636868110426     
          22          23   1.39962168684783     
          22          24  0.954903983686068     
          23          25  0.961392166362892     
          16          26  0.960337140783720     
           1          27  0.367343492889528     
          21          27   1.84642005770514     
          21          28  0.944163032978215     
          27          29  0.926064077233939     
          30          31   1.42052780002184     
          31          32   1.39460928794632     
          31          33  0.959757537067728     
           1          34  0.356697674878476     
          32          34   1.32329589129878     
          32          35   1.07553542940642     
          34          36   1.44365914145432     
          30          37   1.44680430459371     
          36          37   1.39852252508679     
          36          38  0.954645978720198     
          37          39  0.961066093810195     
          30          40  0.960199308043263     
           1          41  0.364912180037288     
          35          41   1.84612761782695     
          35          42  0.944373791819828     
          41          43  0.926864963155560     
