   -0.13181137
   -0.13065400
   -0.02098585
   -0.02965707
    0.04458962
   -0.01630094
   -0.01785357
   -0.02896280
    0.00397349
    0.06471478
   -0.10801657
    0.04319480
   -0.02975496
    0.01193704
    0.06018058
    0.05667266
    0.07058848
    0.11338891
    0.15593553
    0.10808112
    0.04062265
   -0.02325892
   -0.02518686
   -0.02766870
   -0.00086327
   -0.04027928
    0.04704747
    0.04138697
    0.05191948
    0.08056860
    0.00992098
   -0.00327914
   -0.02849000
    0.06234786
   -0.09733256
    0.04727343
    0.08303076
    0.09704902
    0.13984610
    0.13015678
   -0.02101758
   -0.02968013
    0.04455842
   -0.01631078
   -0.01785930
   -0.02896443
    0.00406088
    0.06476060
   -0.10765668
    0.04316734
   -0.02974795
    0.01199183
    0.06011978
    0.05661379
    0.07054840
    0.11348722
    0.15605595
    0.10797410
    0.04062950
   -0.02324763
   -0.02520866
   -0.02771402
   -0.00098686
   -0.04016257
    0.04707251
    0.04155754
    0.05210739
    0.08035103
    0.00983304
   -0.00319201
   -0.02842385
    0.06252319
   -0.09818326
    0.04724128
    0.08316207
    0.09712627
    0.13973047
    0.12975067
   -0.02096119
   -0.02962879
    0.04460846
   -0.01626792
   -0.01782037
   -0.02891256
    0.00393418
    0.06490725
   -0.10903590
    0.04321062
   -0.02975046
    0.01184223
    0.06025343
    0.05673420
    0.07060904
    0.11344624
    0.15599971
    0.10807297
    0.04060748
   -0.02323951
   -0.02519719
   -0.02770131
   -0.00095802
   -0.04022232
    0.04711866
    0.04155690
    0.05206155
    0.08048696
    0.00979979
   -0.00321994
   -0.02850143
    0.06256700
   -0.09926400
    0.04746054
    0.08318417
    0.09722298
    0.13980535
    0.13003829
   -0.02096908
   -0.02964102
    0.04457622
   -0.01629732
   -0.01785277
   -0.02894285
    0.00394834
    0.06487882
   -0.10867877
    0.04325920
   -0.02978947
    0.01190762
    0.06023102
    0.05669402
    0.07058454
    0.11337118
    0.15577895
    0.10808711
    0.04061981
   -0.02322672
   -0.02519727
   -0.02770374
   -0.00097375
   -0.04022184
    0.04708342
    0.04152914
    0.05207810
    0.08052546
    0.00983041
   -0.00319630
   -0.02844436
    0.06256379
   -0.09898310
    0.04736721
    0.08319907
    0.09718070
    0.13996079
    0.12987755
