           4           3   2.64640668827189     
           5           4   1.13606504217862     
           6           5   1.44231248098526     
           7           6   1.34765011817223     
           8           7   1.53149961396921     
           9           8   1.27524745409173     
          10           9   1.28114062326238     
          11           2  0.593123566321525     
          11          10   1.46185944395795     
          12          11   1.22063638779188     
          13          12   1.55590732800752     
          14           5   1.21748318599776     
          14           9   1.23926501692554     
          14          13   1.28442423073286     
          15           6  0.968192969368446     
          16           7  0.967902860180271     
          17           8  0.964793723515908     
          18          10  0.929099644586639     
          19          12  0.867182769631447     
          20          13  0.952900561845128     
          21           3   1.12553706758044     
          22          21   1.35056921685298     
          23          22   1.44937472328031     
          24          23   1.44238177663169     
          25          24   1.37180845949108     
          26          21   1.36539952010136     
          26          25   1.40079882208672     
          27          22  0.969940995882277     
          28          23  0.968795353656254     
          29          24  0.966270901618315     
          30          26  0.962736004909199     
          31          25   1.05179154656180     
          32          31   1.37673417437420     
          33          32   1.43981540074245     
          34          33   1.43617079616741     
          35           1  0.584838801819089     
          35          34   1.33714130366377     
          36          31   1.37806846219492     
          36          35   1.36896923745888     
          37          32  0.961439675039788     
          38          33  0.960604736620404     
          39          34  0.882347303756351     
          40          36  0.923960431643259     
          42          41   2.64636110663341     
          43          42   1.13627305534103     
          44          43   1.44217798953212     
          45          44   1.34774555470444     
          46          45   1.53141143338282     
          47          46   1.27530886843264     
          48          47   1.28095001927730     
          49           1  0.592984898922065     
          49          48   1.46242826031525     
          50          49   1.22064340804179     
          51          50   1.55617147723138     
          52          43   1.21738976478999     
          52          47   1.23935405117941     
          52          51   1.28439678344328     
          53          44  0.968201066032521     
          54          45  0.967907845949333     
          55          46  0.964798827517654     
          56          48  0.929217977222184     
          57          50  0.866585405349665     
          58          51  0.952889790567883     
          59          41   1.12573906273412     
          60          59   1.35051299656442     
          61          60   1.44947088972254     
          62          61   1.44227862476566     
          63          62   1.37183824876227     
          64          59   1.36522717499836     
          64          63   1.40098974705322     
          65          60  0.969938507980011     
          66          61  0.968792441052505     
          67          62  0.966287684949452     
          68          64  0.962774284392448     
          69          63   1.05155992939655     
          70          69   1.37645072605886     
          71          70   1.44013527339042     
          72          71   1.43577221015351     
          73           2  0.584473534755643     
          73          72   1.33736787177136     
          74          69   1.37863284509356     
          74          73   1.36827877104469     
          75          70  0.961457184766620     
          76          71  0.960601686815156     
          77          72  0.882942077973717     
          78          74  0.923972060349890     
          80          79   2.64637682492858     
          81          80   1.13606365348954     
          82          81   1.44232302054262     
          83          82   1.34764212016676     
          84          83   1.53152438234947     
          85          84   1.27525584399246     
          86          85   1.28106634890137     
          87           2  0.592227470393984     
          87          86   1.46200831657220     
          88          87   1.22049199866206     
          89          88   1.55608685351052     
          90          81   1.21748176329715     
          90          85   1.23928132790231     
          90          89   1.28431982578474     
          91          82  0.968184339642142     
          92          83  0.967891113801959     
          93          84  0.964786895050732     
          94          86  0.929210694485153     
          95          88  0.866843742152583     
          96          89  0.952869828625553     
          97          79   1.12552981795737     
          98          97   1.35068095133163     
          99          98   1.44929904753036     
         100          99   1.44242547088083     
         101         100   1.37173798121512     
         102          97   1.36528241517123     
         102         101   1.40092740375674     
         103          98  0.969932958212111     
         104          99  0.968788514875877     
         105         100  0.966264898901219     
         106         102  0.962765313146796     
         107         101   1.05172193519213     
         108         107   1.37666677085553     
         109         108   1.43983769368362     
         110         109   1.43612066354184     
         111           1  0.583222365675458     
         111         110   1.33704745940758     
         112         107   1.37822428668318     
         112         111   1.36881072657588     
         113         108  0.961426349983133     
         114         109  0.960574361709708     
         115         110  0.882197737837427     
         116         112  0.924148833698808     
         118         117   2.64644937714504     
         119         118   1.13607938981661     
         120         119   1.44217714467176     
         121         120   1.34774345181861     
         122         121   1.53146022428448     
         123         122   1.27524174329704     
         124         123   1.28107941249901     
         125           1  0.592193342465901     
         125         124   1.46220740833570     
         126         125   1.22045895773816     
         127         126   1.55620755097784     
         128         119   1.21757286707294     
         128         123   1.23930770213382     
         128         127   1.28427098468387     
         129         120  0.968199550254880     
         130         121  0.967899530493024     
         131         122  0.964801733512464     
         132         124  0.929252799426460     
         133         126  0.866887315535690     
         134         127  0.952870082035256     
         135         117   1.12556731919878     
         136         135   1.35053401580086     
         137         136   1.44945278765796     
         138         137   1.44228015511600     
         139         138   1.37184115879234     
         140         135   1.36538408154240     
         140         139   1.40081637836230     
         141         136  0.969927663720361     
         142         137  0.968789414122082     
         143         138  0.966266984187501     
         144         140  0.962756779114939     
         145         139   1.05174300864218     
         146         145   1.37654332170050     
         147         146   1.43997614351412     
         148         147   1.43597115996196     
         149           2  0.583727617936775     
         149         148   1.33720703142167     
         150         145   1.37835293102615     
         150         149   1.36853725801689     
         151         146  0.961427708903940     
         152         147  0.960587894869568     
         153         148  0.882463174945149     
         154         150  0.924049776476959     
