   -0.05929927
   -0.05935814
   -0.01850781
   -0.03171598
    0.04389750
   -0.02123001
   -0.01565178
   -0.03034870
    0.02740175
   -0.03191840
    0.04591762
   -0.10194577
    0.06017954
   -0.00566395
    0.06316956
    0.05553677
    0.06246997
    0.08858549
    0.12500222
    0.12580896
    0.04128959
   -0.02021004
   -0.02442955
   -0.02436438
   -0.00000889
   -0.03767910
    0.04843146
    0.04440303
    0.05895294
    0.08173308
    0.03024198
   -0.02959089
    0.06288315
   -0.12653393
    0.05523254
   -0.03727228
    0.09564998
    0.12667440
    0.13674391
    0.10619887
   -0.01857762
   -0.03169223
    0.04384249
   -0.02123334
   -0.01567843
   -0.03034778
    0.02746287
   -0.03191797
    0.04579315
   -0.10140513
    0.06006932
   -0.00565823
    0.06320518
    0.05553412
    0.06238172
    0.08845710
    0.12475100
    0.12583790
    0.04127744
   -0.02017231
   -0.02442052
   -0.02437615
   -0.00003709
   -0.03767427
    0.04843091
    0.04449418
    0.05909473
    0.08173853
    0.03023884
   -0.02954309
    0.06308278
   -0.12725395
    0.05504333
   -0.03712766
    0.09565386
    0.12659321
    0.13776905
    0.10609610
   -0.01849543
   -0.03172584
    0.04389148
   -0.02124558
   -0.01566145
   -0.03033476
    0.02740502
   -0.03190730
    0.04588875
   -0.10171540
    0.06014684
   -0.00562239
    0.06315826
    0.05555410
    0.06245673
    0.08858193
    0.12496559
    0.12592571
    0.04130019
   -0.02021018
   -0.02445148
   -0.02437662
    0.00001710
   -0.03768273
    0.04840393
    0.04437882
    0.05892087
    0.08171992
    0.03025582
   -0.02961524
    0.06281993
   -0.12621723
    0.05528438
   -0.03729556
    0.09563499
    0.12666764
    0.13657165
    0.10637490
   -0.01859084
   -0.03169586
    0.04384527
   -0.02122858
   -0.01567239
   -0.03035427
    0.02746706
   -0.03191714
    0.04579979
   -0.10127855
    0.06005062
   -0.00564200
    0.06316652
    0.05551945
    0.06237813
    0.08842914
    0.12473309
    0.12580864
    0.04128339
   -0.02016974
   -0.02442109
   -0.02439291
   -0.00003004
   -0.03767451
    0.04841793
    0.04449089
    0.05913464
    0.08170960
    0.03025107
   -0.02949883
    0.06311757
   -0.12711714
    0.05499209
   -0.03712167
    0.09564515
    0.12661548
    0.13786528
    0.10590996
