           4           3   2.63969948661515     
           5           4   1.14374327022859     
           6           5   1.44333127295485     
           7           6   1.34997913919836     
           8           7   1.51995487580575     
           9           8   1.29227813634331     
          10           9   1.27269286652344     
          11          10   1.55460681131750     
          12           2  0.589252937419564     
          12          11   1.24596036523143     
          13          12   1.43301865948508     
          14           5   1.20032530767269     
          14           9   1.23128569812154     
          14          13   1.31805369688514     
          15           6  0.967358141202583     
          16           7  0.967911967247698     
          17           8  0.965576321996250     
          18          10  0.959956844201706     
          19          11  0.903679762781273     
          20          13  0.912872916883976     
          21           3   1.12977756138054     
          22          21   1.34159167312089     
          23          22   1.45117566202640     
          24          23   1.44162409989472     
          25          24   1.36608612512902     
          26          21   1.37048347669542     
          26          25   1.38808648503821     
          27          22  0.969891228624844     
          28          23  0.968571483561829     
          29          24  0.965553878584251     
          30          26  0.961089405111772     
          31          25   1.07051014308791     
          32          31   1.36958061430244     
          33          32   1.45906879032039     
          34           1  0.600877671757186     
          34          33   1.33864795064564     
          35          34   1.31936150376588     
          36          31   1.35481407340794     
          36          35   1.47593092825510     
          37          32  0.957928164853006     
          38          33  0.913937553657563     
          39          35  0.901700583088006     
          40          36  0.954856346879034     
          42          41   2.63974551572795     
          43          42   1.14378966481013     
          44          43   1.44367284628800     
          45          44   1.34965003882916     
          46          45   1.52029861508710     
          47          46   1.29197512541735     
          48          47   1.27308977556136     
          49          48   1.55401465176222     
          50           2  0.589427870259276     
          50          49   1.24664497965604     
          51          50   1.43250157027167     
          52          43   1.19997976438766     
          52          47   1.23122357383806     
          52          51   1.31842573598719     
          53          44  0.967365866357726     
          54          45  0.967927325421384     
          55          46  0.965589289905202     
          56          48  0.959996203294379     
          57          49  0.904606972192351     
          58          51  0.912012459619868     
          59          41   1.12968453450047     
          60          59   1.34152388672635     
          61          60   1.45114106525108     
          62          61   1.44167364240156     
          63          62   1.36593671482887     
          64          59   1.37063073678301     
          64          63   1.38801970967427     
          65          60  0.969882780290055     
          66          61  0.968558956005326     
          67          62  0.965494248853114     
          68          64  0.961045419332508     
          69          63   1.07070408909713     
          70          69   1.36949756762309     
          71          70   1.45904575670723     
          72           1  0.601104358556398     
          72          71   1.33867761348210     
          73          72   1.31911073346114     
          74          69   1.35479527769390     
          74          73   1.47607146379097     
          75          70  0.957924935097549     
          76          71  0.913914784158958     
          77          73  0.901340912880410     
          78          74  0.954882646766239     
          80          79   2.63974816746273     
          81          80   1.14367964293044     
          82          81   1.44326716339872     
          83          82   1.34995956649502     
          84          83   1.51997578253530     
          85          84   1.29231417962146     
          86          85   1.27275775373445     
          87          86   1.55452681006739     
          88           1  0.589531213979975     
          88          87   1.24600292783777     
          89          88   1.43297808814561     
          90          81   1.20047597606167     
          90          85   1.23117563716462     
          90          89   1.31803755106403     
          91          82  0.967371217865491     
          92          83  0.967915150070304     
          93          84  0.965569411542856     
          94          86  0.959960592658606     
          95          87  0.903736449185728     
          96          89  0.912758675212191     
          97          79   1.12977320596766     
          98          97   1.34160228531522     
          99          98   1.45125533203028     
         100          99   1.44147647927067     
         101         100   1.36625285918497     
         102          97   1.37050133018263     
         102         101   1.38796626559883     
         103          98  0.969888418553045     
         104          99  0.968587299751992     
         105         100  0.965560349986066     
         106         102  0.961092815814595     
         107         101   1.07052263213374     
         108         107   1.36958655368111     
         109         108   1.45912318361406     
         110           2  0.601130198476967     
         110         109   1.33857793394626     
         111         110   1.31942071339245     
         112         107   1.35477458719898     
         112         111   1.47594324577602     
         113         108  0.957925192312830     
         114         109  0.913846097314205     
         115         111  0.901873599631607     
         116         112  0.954875947256505     
         118         117   2.63970256635780     
         119         118   1.14381673373004     
         120         119   1.44360065097960     
         121         120   1.34972295986746     
         122         121   1.52026761874084     
         123         122   1.29196945822943     
         124         123   1.27309335496426     
         125         124   1.55405539773404     
         126           1  0.589517171903537     
         126         125   1.24662004725937     
         127         126   1.43256982260442     
         128         119   1.20001871618577     
         128         123   1.23124563778703     
         128         127   1.31837341865235     
         129         120  0.967361802212022     
         130         121  0.967920866445679     
         131         122  0.965590943093082     
         132         124  0.959989769945942     
         133         125  0.904434407261613     
         134         127  0.912244019142392     
         135         117   1.12970797080215     
         136         135   1.34151050740955     
         137         136   1.45119435357617     
         138         137   1.44161114557169     
         139         138   1.36595665072421     
         140         135   1.37061195489607     
         140         139   1.38805695799259     
         141         136  0.969879405947023     
         142         137  0.968558168350021     
         143         138  0.965508348993710     
         144         140  0.961042576501867     
         145         139   1.07066860615009     
         146         145   1.36958109827070     
         147         146   1.45896232423404     
         148           2  0.601163991076833     
         148         147   1.33879804835837     
         149         148   1.31909273901420     
         150         145   1.35474143407638     
         150         149   1.47613422498011     
         151         146  0.957932106948238     
         152         147  0.914044109198457     
         153         149  0.901089695845481     
         154         150  0.954876758799480     
