   -0.08624460
   -0.07726109
   -0.02456580
   -0.03380661
    0.04349517
   -0.01810638
   -0.01918366
   -0.03137399
    0.00408385
    0.06111486
   -0.09977296
    0.03912119
   -0.02784898
    0.01522971
    0.05798294
    0.05713188
    0.07133087
    0.12095211
    0.13719080
    0.09760542
    0.03908507
   -0.02406200
   -0.02642151
   -0.02592609
    0.03821553
   -0.03278167
    0.04066321
    0.03477087
    0.04803322
    0.07470010
   -0.00758043
   -0.03282692
    0.04956772
   -0.00569522
   -0.02835155
    0.05273629
   -0.09414361
    0.04913672
    0.08366575
    0.09334568
    0.11931930
    0.14469346
   -0.02457548
   -0.03381052
    0.04348623
   -0.01811312
   -0.01918698
   -0.03138861
    0.00406936
    0.06112738
   -0.09956836
    0.03910123
   -0.02784210
    0.01523336
    0.05799313
    0.05711435
    0.07133823
    0.12095277
    0.13718126
    0.09757431
    0.03908820
   -0.02406805
   -0.02642208
   -0.02593905
    0.03820551
   -0.03278729
    0.04066874
    0.03477930
    0.04805440
    0.07470410
   -0.00757534
   -0.03284586
    0.04957059
   -0.00569446
   -0.02835020
    0.05272736
   -0.09404112
    0.04913001
    0.08365662
    0.09333421
    0.11931925
    0.14470460
   -0.02458834
   -0.03380532
    0.04348977
   -0.01812202
   -0.01919154
   -0.03137175
    0.00410064
    0.06108538
   -0.09944172
    0.03910455
   -0.02784584
    0.01521741
    0.05797030
    0.05711955
    0.07130636
    0.12096822
    0.13718525
    0.09757344
    0.03908472
   -0.02407110
   -0.02640029
   -0.02591758
    0.03820709
   -0.03278598
    0.04067174
    0.03475647
    0.04803360
    0.07469346
   -0.00758544
   -0.03283184
    0.04956837
   -0.00571183
   -0.02836271
    0.05272394
   -0.09395952
    0.04912577
    0.08365845
    0.09334534
    0.11932042
    0.14469185
   -0.02458012
   -0.03380167
    0.04349573
   -0.01811105
   -0.01919730
   -0.03138123
    0.00409755
    0.06111077
   -0.09966105
    0.03910431
   -0.02785134
    0.01521579
    0.05797248
    0.05713643
    0.07133680
    0.12096261
    0.13719190
    0.09760844
    0.03908924
   -0.02406426
   -0.02641620
   -0.02592949
    0.03821033
   -0.03278291
    0.04067856
    0.03476708
    0.04803638
    0.07471156
   -0.00758608
   -0.03283019
    0.04956487
   -0.00570945
   -0.02835795
    0.05272428
   -0.09406521
    0.04913768
    0.08366960
    0.09335151
    0.11931861
    0.14469930
