           4           3   2.64516553278284     
           5           4   1.14045309253794     
           6           5   1.44218583952856     
           7           6   1.34653183607513     
           8           7   1.53381290953443     
           9           8   1.27203510379977     
          10           9   1.28779316535862     
          11           1  0.595893157899495     
          11          10   1.45129534623082     
          12          11   1.23633357035531     
          13          12   1.54802142660105     
          14           5   1.21347898551538     
          14           9   1.23779020166063     
          14          13   1.29114763399260     
          15           6  0.968471185815800     
          16           7  0.967866358117355     
          17           8  0.964660926339374     
          18          10  0.917367291367620     
          19          12  0.894989218373512     
          20          13  0.954967277036981     
          21           3   1.12878491552709     
          22          21   1.34656472152319     
          23          22   1.44554494689881     
          24          23   1.44889682819182     
          25          24   1.33995765788547     
          26          21   1.36765289506732     
          26          25   1.37182991815957     
          27          22  0.970679482152291     
          28          23  0.969212771006046     
          29          24  0.969942841065123     
          30          26  0.965639473505849     
          31          25   1.13012943930705     
          32          31   2.64669063818772     
          33          32   1.13803287415367     
          34          33   1.33720629629722     
          35          34   1.45437915322880     
          36          35   1.42414226542058     
          37           2  0.592255801439158     
          37          36   1.34138066196586     
          38          33   1.35022442402321     
          38          37   1.36852855099403     
          39          34  0.964231421159685     
          40          35  0.960745238461649     
          41          36  0.903919304261960     
          42          38  0.913153411440346     
          44          43   2.64516487710282     
          45          44   1.14045070900675     
          46          45   1.44204999024640     
          47          46   1.34670796946431     
          48          47   1.53366348428477     
          49          48   1.27210735067881     
          50          49   1.28765452357721     
          51           1  0.595962433829227     
          51          50   1.45154852405703     
          52          51   1.23618410496878     
          53          52   1.54816310179883     
          54          45   1.21356802705529     
          54          49   1.23780442433128     
          54          53   1.29106575034096     
          55          46  0.968474948739715     
          56          47  0.967866941329216     
          57          48  0.964674797633991     
          58          50  0.917373293107397     
          59          52  0.894962102225348     
          60          53  0.954964631799573     
          61          43   1.12878001677134     
          62          61   1.34654040032401     
          63          62   1.44549946074416     
          64          63   1.44896348454025     
          65          64   1.33987540162524     
          66          61   1.36771366286158     
          66          65   1.37171745985085     
          67          62  0.970683319765533     
          68          63  0.969212263829068     
          69          64  0.969946201492811     
          70          66  0.965644831798547     
          71          65   1.13030094360583     
          72          71   2.64656799181478     
          73          72   1.13802670584627     
          74          73   1.33716935277098     
          75          74   1.45443016793285     
          76          75   1.42409872524007     
          77           2  0.592319374255729     
          77          76   1.34140991360615     
          78          73   1.35025256595401     
          78          77   1.36852354241250     
          79          74  0.964230729015643     
          80          75  0.960744382060638     
          81          76  0.903892270494742     
          82          78  0.913156342067805     
          84          83   2.64504169640209     
          85          84   1.14056735317420     
          86          85   1.44217274650010     
          87          86   1.34654969921056     
          88          87   1.53376598478892     
          89          88   1.27211990462221     
          90          89   1.28759016904865     
          91           1  0.596105030101244     
          91          90   1.45150904683685     
          92          91   1.23622182514589     
          93          92   1.54814137638381     
          94          85   1.21339029438680     
          94          89   1.23789437336249     
          94          93   1.29107264123549     
          95          86  0.968474184077882     
          96          87  0.967872935758663     
          97          88  0.964658051522100     
          98          90  0.917384666186772     
          99          92  0.894943439688667     
         100          93  0.954964941378612     
         101          83   1.12881663187915     
         102         101   1.34648802795319     
         103         102   1.44553282546485     
         104         103   1.44895481926039     
         105         104   1.33993153670186     
         106         101   1.36773077477832     
         106         105   1.37171026069767     
         107         102  0.970685482228904     
         108         103  0.969199307341752     
         109         104  0.969935331108336     
         110         106  0.965644812528687     
         111         105   1.13023134215860     
         112         111   2.64658631653703     
         113         112   1.13806100515095     
         114         113   1.33704076366763     
         115         114   1.45451508367198     
         116         115   1.42401844834836     
         117           2  0.592377558535809     
         117         116   1.34147711266078     
         118         113   1.35035081042720     
         118         117   1.36846467311941     
         119         114  0.964240739755022     
         120         115  0.960749986971877     
         121         116  0.903865573933892     
         122         118  0.913173478910356     
         124         123   2.64512320458931     
         125         124   1.14051706084989     
         126         125   1.44214497751762     
         127         126   1.34660018592734     
         128         127   1.53369827790603     
         129         128   1.27212724237042     
         130         129   1.28769417639868     
         131           1  0.596004306368853     
         131         130   1.45140059840531     
         132         131   1.23624631884661     
         133         132   1.54808398042769     
         134         125   1.21345425798574     
         134         129   1.23781016204470     
         134         133   1.29110727767725     
         135         126  0.968471578241698     
         136         127  0.967874976518684     
         137         128  0.964665770812707     
         138         130  0.917364357432468     
         139         132  0.894978818695441     
         140         133  0.954971602661461     
         141         123   1.12876166587093     
         142         141   1.34670050642510     
         143         142   1.44536507674749     
         144         143   1.44908896560747     
         145         144   1.33978377655742     
         146         141   1.36755062524829     
         146         145   1.37192058211114     
         147         142  0.970680055094185     
         148         143  0.969210989107649     
         149         144  0.969941569349034     
         150         146  0.965640898070161     
         151         145   1.13019739846201     
         152         151   2.64662338695612     
         153         152   1.13806297795659     
         154         153   1.33728637023418     
         155         154   1.45426337636129     
         156         155   1.42423963470046     
         157           2  0.592313247455551     
         157         156   1.34129428095437     
         158         153   1.35010963719986     
         158         157   1.36864124819837     
         159         154  0.964238922800223     
         160         155  0.960749784918371     
         161         156  0.903877025574830     
         162         158  0.913170665962112     
