   -0.09013859
   -0.08046790
   -0.01800004
   -0.03332472
    0.04336313
   -0.02148295
   -0.01584790
   -0.03036047
    0.02791485
   -0.03146546
    0.04532587
   -0.08358302
    0.05773708
   -0.00453212
    0.06719726
    0.05842324
    0.06345448
    0.09033655
    0.13158916
    0.11992335
    0.03899795
   -0.02646408
   -0.02715099
   -0.00544108
   -0.03669278
   -0.03357579
    0.05493293
    0.05542994
    0.07318223
    0.07479016
    0.00943761
   -0.00389538
   -0.02825683
    0.05548807
   -0.08861416
    0.04531616
    0.08848120
    0.09622505
    0.11921662
    0.14234348
   -0.01640999
   -0.03130440
    0.04421455
   -0.02151013
   -0.01545855
   -0.03006159
    0.02673508
   -0.03220870
    0.04669303
   -0.10369874
    0.06093142
   -0.00560380
    0.06821306
    0.05958317
    0.06466599
    0.09175951
    0.12189792
    0.12666799
    0.03932522
   -0.02726659
   -0.02836246
   -0.01038961
   -0.03729073
   -0.03278357
    0.05978557
    0.05746378
    0.07047512
    0.07676063
    0.00755379
   -0.00308800
   -0.02801959
    0.05742725
   -0.10004642
    0.04241519
    0.09091660
    0.09719083
    0.12491984
    0.12698271
   -0.01641763
   -0.03107085
    0.04363362
   -0.02160506
   -0.01580000
   -0.03018125
    0.02706462
   -0.03241240
    0.04399741
   -0.10250588
    0.06107628
   -0.00520088
    0.06800246
    0.05906436
    0.06356828
    0.08937277
    0.11450319
    0.13181244
    0.04110843
   -0.03136840
   -0.03483372
   -0.00865956
   -0.02529458
   -0.02548300
    0.07559979
    0.06032299
    0.05702998
    0.05705917
    0.00807895
   -0.00142807
   -0.02761183
    0.06195237
   -0.12368368
    0.04218405
    0.09243476
    0.09996125
    0.13023425
    0.11736754
   -0.01702369
   -0.03214532
    0.04419305
   -0.02158773
   -0.01560724
   -0.03021839
    0.02669691
   -0.03241578
    0.04649663
   -0.10005952
    0.06173561
   -0.00498254
    0.06705498
    0.05908156
    0.06472623
    0.09192407
    0.12215230
    0.12363663
    0.04053684
   -0.03408268
   -0.03664457
   -0.00614609
   -0.02506845
   -0.02501582
    0.08129915
    0.06337485
    0.05383228
    0.05386282
    0.00993819
   -0.00265279
   -0.02793860
    0.05665275
   -0.09135754
    0.04224324
    0.09017292
    0.09735961
    0.12494226
    0.13027423
