           4           3   2.63659681433560     
           5           4   1.13722122882686     
           6           5   1.45022971396695     
           7           6   1.34649747778243     
           8           7   1.52299162623314     
           9           8   1.29179454124754     
          10           9   1.27344289849255     
          11          10   1.55254745770763     
          12           2  0.613758477180906     
          12          11   1.24517974766211     
          13          12   1.43130668603118     
          14           5   1.20059447169202     
          14           9   1.23081749852520     
          14          13   1.31720562404085     
          15           6  0.966980040475422     
          16           7  0.967603871625985     
          17           8  0.965540288702049     
          18          10  0.959832901274531     
          19          11  0.900443162799021     
          20          13  0.910954192814430     
          21           3   1.12874508369744     
          22          21   1.34922904292884     
          23          22   1.46947470526924     
          24          23   1.37481570351129     
          25          24   1.37245101960524     
          26          21   1.34825131961272     
          26          25   1.47106974698695     
          27          22  0.968354594040527     
          28          23  0.965417193480551     
          29          25  0.963096898749881     
          30          26  0.965459539440841     
          31          24   1.05207430805444     
          32          31   1.36748552884578     
          33          32   1.44982929309943     
          34          33   1.42477835346963     
          35           1  0.604754892542797     
          35          34   1.35289961523401     
          36          31   1.38727643092524     
          36          35   1.35049561925760     
          37          32  0.961177389746542     
          38          33  0.960780990387323     
          39          34  0.915068898034390     
          40          36  0.898214171933981     
          42          41   2.63538952750142     
          43          42   1.13650366690503     
          44          43   1.44531304513509     
          45          44   1.34990937760407     
          46          45   1.51944009507530     
          47          46   1.29489869038487     
          48          47   1.26873058221886     
          49          48   1.56133598360521     
          50           1  0.593071895539055     
          50          49   1.23694517848363     
          51          50   1.44041063818034     
          52          43   1.20592220375384     
          52          47   1.23215993464948     
          52          51   1.31131167113897     
          53          44  0.966739993643380     
          54          45  0.967284494000742     
          55          46  0.965265080676985     
          56          48  0.959310336625783     
          57          49  0.892513111803472     
          58          51  0.920797810220891     
          59          41   1.12863669315490     
          60          59   1.35157369309109     
          61          60   1.46701644903315     
          62          61   1.37498867553159     
          63          62   1.37109422406606     
          64          59   1.34636473478814     
          64          63   1.47313047712128     
          65          60  0.967614762341550     
          66          61  0.965204971374817     
          67          63  0.963049101270272     
          68          64  0.965201988303691     
          69          62   1.05127289826450     
          70          69   1.36066696745033     
          71          70   1.45602030758687     
          72          71   1.41732263832930     
          73           2  0.585863134659250     
          73          72   1.35935525203847     
          74          69   1.39372218545738     
          74          73   1.34169787005531     
          75          70  0.961110610672113     
          76          71  0.960708664381749     
          77          72  0.922445885885154     
          78          74  0.891683237417458     
          80          79   2.63518213943021     
          81          80   1.13943106927733     
          82          81   1.44652887367299     
          83          82   1.34806743245780     
          84          83   1.52202564418498     
          85          84   1.29157924436067     
          86          85   1.27466011262680     
          87          86   1.55207949356661     
          88           1  0.589267050430509     
          88          87   1.24935166003001     
          89          88   1.43054177726073     
          90          81   1.20211280591779     
          90          85   1.23049893756589     
          90          89   1.31793128750288     
          91          82  0.966803750591366     
          92          83  0.967404580053814     
          93          84  0.965437194094773     
          94          86  0.959967546968164     
          95          87  0.910894019041608     
          96          89  0.907622493688913     
          97          79   1.13152671645814     
          98          97   1.34683889763082     
          99          98   1.47399140813930     
         100          99   1.36988526141417     
         101         100   1.37464998796966     
         102          97   1.34798597255288     
         102         101   1.46895211967627     
         103          98  0.965297076084225     
         104          99  0.964064906739761     
         105         101  0.965377579905081     
         106         102  0.968011454773198     
         107         100   1.05260628254103     
         108         107   1.36609474474639     
         109         108   1.44971743427982     
         110         109   1.42539761799489     
         111           2  0.573108732369682     
         111         110   1.34941408734429     
         112         107   1.38793154184870     
         112         111   1.35064720440913     
         113         108  0.960934619772614     
         114         109  0.960097009831490     
         115         110  0.911491733430943     
         116         112  0.907333454018610     
         118         117   2.63376795518665     
         119         118   1.14238154320272     
         120         119   1.44050183489198     
         121         120   1.35292020848158     
         122         121   1.51704943876224     
         123         122   1.29525966689010     
         124         123   1.26809329516037     
         125         124   1.56199079789990     
         126           1  0.592906717487526     
         126         125   1.23672966814456     
         127         126   1.44193740711400     
         128         119   1.20469841153091     
         128         123   1.23267157110724     
         128         127   1.31157634591626     
         129         120  0.966884070885845     
         130         121  0.967397661914937     
         131         122  0.965278523177413     
         132         124  0.959292860256364     
         133         125  0.889862127314084     
         134         127  0.922830733227051     
         135         117   1.13417834551622     
         136         135   1.34390450459549     
         137         136   1.47566478750091     
         138         137   1.36790622274767     
         139         138   1.37869913854562     
         140         135   1.34884023023342     
         140         139   1.46721131849878     
         141         136  0.964255133379158     
         142         137  0.963219887757312     
         143         139  0.966294680975581     
         144         140  0.968475360508252     
         145         138   1.04980224852213     
         146         145   1.36370025811746     
         147         146   1.45497293535338     
         148         147   1.41799823555894     
         149           2  0.595710078023934     
         149         148   1.36108533283265     
         150         145   1.39275259506749     
         150         149   1.34319007175006     
         151         146  0.961407530311644     
         152         147  0.960586874994410     
         153         148  0.923057040673807     
         154         150  0.890674802204536     
