   -0.07999440
   -0.08000666
   -0.02201864
   -0.03418732
    0.04420643
   -0.01827557
   -0.01877958
   -0.03168243
    0.00282350
    0.06158122
   -0.11224104
    0.04039817
   -0.02811087
    0.01580213
    0.05806798
    0.05731556
    0.07138945
    0.11766336
    0.13944140
    0.10526773
    0.03890516
   -0.02697453
   -0.03072612
    0.01468087
   -0.03033580
   -0.03159835
   -0.00152933
   -0.04402376
    0.00811581
   -0.03939964
    0.03888331
    0.03268112
    0.03766249
    0.04678121
    0.07805807
    0.07701117
    0.01187152
   -0.00462636
   -0.02904882
    0.05395825
   -0.08661620
    0.04497498
    0.08130132
    0.09391606
    0.12615123
    0.13113943
   -0.02200460
   -0.03420393
    0.04419828
   -0.01826834
   -0.01877251
   -0.03167462
    0.00280977
    0.06158928
   -0.11200039
    0.04026903
   -0.02817410
    0.01576512
    0.05803617
    0.05729381
    0.07137219
    0.11758467
    0.13959035
    0.10533847
    0.03890940
   -0.02696268
   -0.03071269
    0.01465841
   -0.03033746
   -0.03160394
   -0.00152617
   -0.04398072
    0.00810520
   -0.03941122
    0.03890276
    0.03271445
    0.03770186
    0.04680697
    0.07792207
    0.07695082
    0.01186152
   -0.00463699
   -0.02906670
    0.05389936
   -0.08651349
    0.04493613
    0.08124423
    0.09391470
    0.12633316
    0.13122282
   -0.02200639
   -0.03420651
    0.04419787
   -0.01827829
   -0.01877275
   -0.03167933
    0.00281562
    0.06157622
   -0.11202134
    0.04027604
   -0.02817667
    0.01577611
    0.05804945
    0.05728573
    0.07135277
    0.11759900
    0.13958918
    0.10531912
    0.03890740
   -0.02697375
   -0.03071431
    0.01466936
   -0.03035179
   -0.03160946
   -0.00152581
   -0.04399006
    0.00812036
   -0.03940854
    0.03890869
    0.03271610
    0.03771336
    0.04681042
    0.07792867
    0.07694537
    0.01187758
   -0.00463903
   -0.02906264
    0.05391328
   -0.08648971
    0.04493539
    0.08124442
    0.09392534
    0.12633046
    0.13124317
   -0.02201022
   -0.03420522
    0.04421106
   -0.01827007
   -0.01878477
   -0.03167814
    0.00282539
    0.06158552
   -0.11217525
    0.04039326
   -0.02811196
    0.01580387
    0.05806157
    0.05733448
    0.07138502
    0.11766388
    0.13943679
    0.10527912
    0.03891779
   -0.02694537
   -0.03070594
    0.01466637
   -0.03034153
   -0.03159057
   -0.00152473
   -0.04400701
    0.00810180
   -0.03941211
    0.03885421
    0.03266743
    0.03765177
    0.04677317
    0.07803504
    0.07702165
    0.01188374
   -0.00461943
   -0.02906046
    0.05397991
   -0.08664514
    0.04496181
    0.08130048
    0.09391149
    0.12615113
    0.13115615
