           4           3   2.63833395062994     
           5           4   1.14300126666317     
           6           5   1.43605818014042     
           7           6   1.34874984092179     
           8           7   1.53174236655474     
           9           8   1.27177751804815     
          10           9   1.29271161850046     
          11           2  0.594946802839111     
          11          10   1.44358244284257     
          12          11   1.23733983532054     
          13          12   1.54365636247240     
          14           5   1.21603473018513     
          14           9   1.23333228708716     
          14          13   1.29384764021445     
          15           6  0.968436131105147     
          16           7  0.967668491917972     
          17           8  0.964508101327518     
          18          10  0.912166432072344     
          19          12  0.901133507023996     
          20          13  0.954648640843727     
          21           3   1.13434169562702     
          22          21   1.24448487611205     
          23          22   1.57693317651166     
          24          23   1.27176459228514     
          25          24   1.28032758427979     
          26          25   1.56479979995670     
          27          26   1.27141917673544     
          28          27   1.48570168075688     
          29          24   1.23974234893320     
          29          28   1.28698524741225     
          30          21   1.45528677393017     
          30          29   1.29154827576556     
          31          22  0.970131294696521     
          32          23  0.967402334243334     
          33          25  0.967365549914423     
          34          26  0.966038439251707     
          35          28  0.959734928940584     
          36          30  0.963061150743096     
          37          27   1.05911539600938     
          38          37   1.36767349718948     
          39          38   1.44835040981711     
          40          39   1.42798679543574     
          41           1  0.591838264944046     
          41          40   1.34766241537240     
          42          37   1.38035052485404     
          42          41   1.36091185030437     
          43          38  0.961613227313381     
          44          39  0.961296967738732     
          45          40  0.908690491410383     
          46          42  0.906427155868805     
          48          47   2.63830593864651     
          49          48   1.14284132280074     
          50          49   1.43621711677337     
          51          50   1.34866907005999     
          52          51   1.53181136445362     
          53          52   1.27178417212217     
          54          53   1.29264060956153     
          55           2  0.595103136816260     
          55          54   1.44372551593158     
          56          55   1.23720035971392     
          57          56   1.54379846129978     
          58          49   1.21604539874491     
          58          53   1.23335517552010     
          58          57   1.29377874939628     
          59          50  0.968428426252871     
          60          51  0.967664679814562     
          61          52  0.964506466207817     
          62          54  0.912219225056001     
          63          56  0.901122022576723     
          64          57  0.954635812224441     
          65          47   1.13428748772652     
          66          65   1.24452713395399     
          67          66   1.57683356703839     
          68          67   1.27186195215846     
          69          68   1.28028613848101     
          70          69   1.56489214654705     
          71          70   1.27134124462773     
          72          71   1.48575909907598     
          73          68   1.23966511630948     
          73          72   1.28697334797772     
          74          65   1.45528429535795     
          74          73   1.29162134570196     
          75          66  0.970114557279941     
          76          67  0.967380108528810     
          77          69  0.967358267253602     
          78          70  0.966037116779974     
          79          72  0.959737339005378     
          80          74  0.963080667985566     
          81          71   1.05912331588509     
          82          81   1.36773810730408     
          83          82   1.44837877826995     
          84          83   1.42787986184733     
          85           1  0.591946727158071     
          85          84   1.34763706150984     
          86          81   1.38024099260177     
          86          85   1.36097954268226     
          87          82  0.961610020857011     
          88          83  0.961310534612359     
          89          84  0.908466767037384     
          90          86  0.906480404704058     
          92          91   2.63818311635464     
          93          92   1.14293148034824     
          94          93   1.43611469428783     
          95          94   1.34873643938756     
          96          95   1.53179095544765     
          97          96   1.27174435727046     
          98          97   1.29260785356338     
          99           1  0.595089133635734     
          99          98   1.44373751957697     
         100          99   1.23717975177543     
         101         100   1.54387177812504     
         102          93   1.21604754097638     
         102          97   1.23344348105700     
         102         101   1.29369334274120     
         103          94  0.968434736822525     
         104          95  0.967662844522483     
         105          96  0.964506486096578     
         106          98  0.912254821752541     
         107         100  0.901115782572061     
         108         101  0.954634815053547     
         109          91   1.13435206599870     
         110         109   1.24438722305702     
         111         110   1.57697927345588     
         112         111   1.27173575007584     
         113         112   1.28037007166675     
         114         113   1.56473789355406     
         115         114   1.27148894316313     
         116         115   1.48562246405493     
         117         112   1.23972995310428     
         117         116   1.28702514569279     
         118         109   1.45536232419270     
         118         117   1.29152879740774     
         119         110  0.970118227975113     
         120         111  0.967380127530335     
         121         113  0.967367422861915     
         122         114  0.966040899644421     
         123         116  0.959748721998696     
         124         118  0.963078784218409     
         125         115   1.05913295756324     
         126         125   1.36761646031006     
         127         126   1.44843646485671     
         128         127   1.42785196794328     
         129           2  0.592059695559968     
         129         128   1.34767690481903     
         130         125   1.38039045400289     
         130         129   1.36084581344729     
         131         126  0.961611669872304     
         132         127  0.961304281774914     
         133         128  0.908437272150146     
         134         130  0.906472446948613     
         136         135   2.63825264978936     
         137         136   1.14299465415108     
         138         137   1.43614061650148     
         139         138   1.34863380704789     
         140         139   1.53184920681473     
         141         140   1.27170096880901     
         142         141   1.29288740968864     
         143           1  0.595050113392048     
         143         142   1.44346070094696     
         144         143   1.23739978861167     
         145         144   1.54356843556056     
         146         137   1.21600121028147     
         146         141   1.23323458964540     
         146         145   1.29395720421271     
         147         138  0.968433544798226     
         148         139  0.967670721392482     
         149         140  0.964506200147037     
         150         142  0.912145013858012     
         151         144  0.901141254389556     
         152         145  0.954649905407366     
         153         135   1.13444741865163     
         154         153   1.24449716158062     
         155         154   1.57691763707129     
         156         155   1.27183211396877     
         157         156   1.28020480772301     
         158         157   1.56493883528350     
         159         158   1.27132448689548     
         160         159   1.48578624046135     
         161         156   1.23974357796826     
         161         160   1.28696071062162     
         162         153   1.45518127696240     
         162         161   1.29157699090808     
         163         154  0.970118278933998     
         164         155  0.967387225943688     
         165         157  0.967366491239433     
         166         158  0.966031501118740     
         167         160  0.959718082905375     
         168         162  0.963071518699935     
         169         159   1.05910129384027     
         170         169   1.36766755980134     
         171         170   1.44840103308925     
         172         171   1.42786320562832     
         173           2  0.591761940514944     
         173         172   1.34783544358853     
         174         169   1.38041052807176     
         174         173   1.36079068010544     
         175         170  0.961605932362598     
         176         171  0.961303384676868     
         177         172  0.908665946558972     
         178         174  0.906457740230680     
