   -0.08027431
   -0.07773542
   -0.01659233
   -0.03110264
    0.04413683
   -0.02176920
   -0.01561133
   -0.03009853
    0.02623141
   -0.03252798
    0.04299395
   -0.09873792
    0.06107496
   -0.00450247
    0.06810476
    0.06026903
    0.06516246
    0.09097554
    0.11322598
    0.13240560
    0.04078064
   -0.03403129
   -0.03806295
   -0.00804317
   -0.02615378
   -0.02606451
    0.08181394
    0.06388764
    0.05548371
    0.05674617
    0.01019611
   -0.00256186
   -0.02786862
    0.05667649
   -0.09170253
    0.04040966
    0.09154632
    0.09846853
    0.12958285
    0.11443060
   -0.01657233
   -0.03111920
    0.04414737
   -0.02177007
   -0.01560820
   -0.03008997
    0.02623083
   -0.03253132
    0.04300707
   -0.09885936
    0.06108423
   -0.00450840
    0.06812575
    0.06028400
    0.06515797
    0.09098224
    0.11318699
    0.13248337
    0.04074811
   -0.02612620
   -0.02621551
   -0.00808247
   -0.03812650
   -0.03402917
    0.05681958
    0.05553196
    0.06411322
    0.08178408
    0.01017596
   -0.00256061
   -0.02785305
    0.05665570
   -0.09162937
    0.04039429
    0.09151681
    0.09845210
    0.12961347
    0.11444598
   -0.01659407
   -0.03112146
    0.04413169
   -0.02178409
   -0.01561877
   -0.03010030
    0.02625150
   -0.03253593
    0.04298961
   -0.09848479
    0.06104367
   -0.00447478
    0.06809603
    0.06025270
    0.06513802
    0.09094934
    0.11322323
    0.13250431
    0.04075340
   -0.03403695
   -0.03813777
   -0.00801047
   -0.02619756
   -0.02612845
    0.08184642
    0.06404123
    0.05547132
    0.05677079
    0.01021526
   -0.00259101
   -0.02785618
    0.05658983
   -0.09109372
    0.04038475
    0.09149175
    0.09837286
    0.12957996
    0.11447256
   -0.01659815
   -0.03112180
    0.04414400
   -0.02177792
   -0.01560949
   -0.03008914
    0.02623904
   -0.03253740
    0.04296211
   -0.09838245
    0.06104445
   -0.00447649
    0.06807844
    0.06023781
    0.06512449
    0.09094574
    0.11325779
    0.13248893
    0.04076631
   -0.02610292
   -0.02618079
   -0.00801850
   -0.03815462
   -0.03405597
    0.05673353
    0.05546155
    0.06405046
    0.08186432
    0.01021939
   -0.00257872
   -0.02786260
    0.05658853
   -0.09118259
    0.04038782
    0.09148486
    0.09839954
    0.12958373
    0.11444110
