           4           3   2.63327257224155     
           5           4   1.14111407972767     
           6           5   1.44002105328279     
           7           6   1.35266513236937     
           8           7   1.51747138325522     
           9           8   1.29479765653223     
          10           9   1.26982737365716     
          11          10   1.55967240388606     
          12           1  0.596959015066086     
          12          11   1.23961896357449     
          13          12   1.43911838459904     
          14           5   1.20620168078687     
          14           9   1.23174233055733     
          14          13   1.31209722357787     
          15           6  0.966704795399729     
          16           7  0.967135442047969     
          17           8  0.965160104789733     
          18          10  0.959451746190431     
          19          11  0.899719556773251     
          20          13  0.919309416593366     
          21           3   1.13363708329172     
          22          21   1.34395257888347     
          23          22   1.47689483805723     
          24          23   1.36730743295273     
          25          24   1.37694069948918     
          26          21   1.34864317179059     
          26          25   1.46720014159526     
          27          22  0.964156618631486     
          28          23  0.963698455984793     
          29          25  0.965840679737297     
          30          26  0.967980860281603     
          31          24   1.05087859693459     
          32          31   1.36309053553504     
          33          32   1.45488760975374     
          34          33   1.41859856712946     
          35           2  0.593599858220348     
          35          34   1.35989937351721     
          36          31   1.39165809432351     
          36          35   1.34709561607490     
          37          32  0.961333307643606     
          38          33  0.960389387087453     
          39          34  0.922716288375555     
          40          36  0.894526879993486     
          42          41   2.63329403362242     
          43          42   1.14101221115593     
          44          43   1.44006242875091     
          45          44   1.35267843683718     
          46          45   1.51738071053902     
          47          46   1.29495172296836     
          48          47   1.26973252444938     
          49          48   1.55976245034263     
          50           1  0.596951005701093     
          50          49   1.23959316888229     
          51          50   1.43913935572801     
          52          43   1.20626176008111     
          52          47   1.23169174676872     
          52          51   1.31206446679025     
          53          44  0.966699119855486     
          54          45  0.967137011754759     
          55          46  0.965154485720969     
          56          48  0.959455100653414     
          57          49  0.899650607031084     
          58          51  0.919307024540501     
          59          41   1.13360764374548     
          60          59   1.34847474383531     
          61          60   1.46725578188623     
          62          61   1.37694295297570     
          63          62   1.36740223304822     
          64          59   1.34417507604499     
          64          63   1.47673318137269     
          65          60  0.967971218416022     
          66          61  0.965818941922243     
          67          63  0.963719058876748     
          68          64  0.964147858063888     
          69          62   1.05079488287940     
          70          69   1.36308477622853     
          71          70   1.45492001663582     
          72          71   1.41859616874701     
          73           2  0.593709632333360     
          73          72   1.35984772082811     
          74          69   1.39169934442392     
          74          73   1.34708096201392     
          75          70  0.961331470619906     
          76          71  0.960381770147627     
          77          72  0.922658442414371     
          78          74  0.894621781322219     
          80          79   2.63317710124012     
          81          80   1.14116702797089     
          82          81   1.44007810530188     
          83          82   1.35261811312825     
          84          83   1.51745117263305     
          85          84   1.29486068189447     
          86          85   1.26972337748886     
          87          86   1.55976089229142     
          88           1  0.597263155909397     
          88          87   1.23962560530174     
          89          88   1.43912345563458     
          90          81   1.20608718625529     
          90          85   1.23181430914706     
          90          89   1.31212345189348     
          91          82  0.966704977683078     
          92          83  0.967140652409022     
          93          84  0.965158701060291     
          94          86  0.959458623872855     
          95          87  0.899630678012871     
          96          89  0.919314977969864     
          97          79   1.13372308869604     
          98          97   1.34413581969632     
          99          98   1.47677671473619     
         100          99   1.36738105473313     
         101         100   1.37684716032681     
         102          97   1.34835461481787     
         102         101   1.46736027619347     
         103          98  0.964136923203393     
         104          99  0.963697993013806     
         105         101  0.965835087126586     
         106         102  0.967987653633851     
         107         100   1.05086085343894     
         108         107   1.36294853083615     
         109         108   1.45508027157557     
         110         109   1.41843780187314     
         111           2  0.593937148694034     
         111         110   1.36007510232620     
         112         107   1.39175164128943     
         112         111   1.34705972834554     
         113         108  0.961349712948051     
         114         109  0.960393795951585     
         115         110  0.922760713107543     
         116         112  0.894433445420810     
         118         117   2.63317972297452     
         119         118   1.14114183100080     
         120         119   1.43999473548304     
         121         120   1.35269167546249     
         122         121   1.51739304612445     
         123         122   1.29492381131520     
         124         123   1.26975988090947     
         125         124   1.55974025247221     
         126           1  0.597278162850662     
         126         125   1.23957570353425     
         127         126   1.43920916549184     
         128         119   1.20620322736814     
         128         123   1.23170784800241     
         128         127   1.31207907329945     
         129         120  0.966704270303469     
         130         121  0.967135846633746     
         131         122  0.965151036647207     
         132         124  0.959458211931148     
         133         125  0.899609966098554     
         134         127  0.919327310759002     
         135         117   1.13371205597471     
         136         135   1.34850747639763     
         137         136   1.46723805563728     
         138         137   1.37696188300624     
         139         138   1.36729969640868     
         140         135   1.34401396114557     
         140         139   1.47686662229741     
         141         136  0.967981944900235     
         142         137  0.965838351344897     
         143         139  0.963693005084640     
         144         140  0.964135840004135     
         145         138   1.05083558630216     
         146         145   1.36297276007776     
         147         146   1.45506391769157     
         148         147   1.41845163135685     
         149           2  0.593875797027857     
         149         148   1.36005228373059     
         150         145   1.39176172858189     
         150         149   1.34705692878580     
         151         146  0.961348256022484     
         152         147  0.960394677040010     
         153         148  0.922785898833051     
         154         150  0.894450270035315     
