   -0.06886954
   -0.06888100
   -0.02037604
   -0.02953529
    0.04461785
   -0.01647783
   -0.01778487
   -0.02953141
    0.00233972
    0.06596848
   -0.12541804
    0.03924165
   -0.02901868
    0.01287892
    0.06017378
    0.05774253
    0.07254137
    0.11913763
    0.14486546
    0.11085228
    0.04118722
   -0.02320587
   -0.02525675
   -0.02661451
   -0.00067215
   -0.04059233
    0.04752525
    0.04040500
    0.05029291
    0.07999991
    0.01068979
   -0.00342959
   -0.02810557
    0.05666049
   -0.09188754
    0.04541544
    0.08179073
    0.09480225
    0.12842424
    0.13467193
   -0.02038508
   -0.02954638
    0.04458432
   -0.01647836
   -0.01778656
   -0.02955056
    0.00237761
    0.06591758
   -0.12524274
    0.03913877
   -0.02905759
    0.01286852
    0.06012248
    0.05771405
    0.07253483
    0.11909809
    0.14496984
    0.11086403
    0.04117382
   -0.02321381
   -0.02525743
   -0.02661642
   -0.00067395
   -0.04059204
    0.04752924
    0.04044537
    0.05029472
    0.07996726
    0.01069123
   -0.00343394
   -0.02810704
    0.05661560
   -0.09172880
    0.04542059
    0.08173395
    0.09480196
    0.12851721
    0.13477544
   -0.02039185
   -0.02955030
    0.04460211
   -0.01648388
   -0.01779849
   -0.02954963
    0.00236670
    0.06591902
   -0.12518327
    0.03914499
   -0.02904995
    0.01286266
    0.06013584
    0.05771847
    0.07253388
    0.11911142
    0.14496377
    0.11084180
    0.04117670
   -0.02321329
   -0.02524560
   -0.02662286
   -0.00068493
   -0.04057184
    0.04753204
    0.04044157
    0.05028694
    0.07995753
    0.01069798
   -0.00344358
   -0.02811016
    0.05660704
   -0.09170023
    0.04540755
    0.08174568
    0.09479405
    0.12852565
    0.13477912
   -0.02038060
   -0.02953226
    0.04460758
   -0.01647774
   -0.01779871
   -0.02953622
    0.00236835
    0.06594042
   -0.12542847
    0.03927301
   -0.02901408
    0.01288532
    0.06016906
    0.05775998
    0.07253320
    0.11916035
    0.14486766
    0.11084151
    0.04117667
   -0.02320599
   -0.02524462
   -0.02660955
   -0.00066858
   -0.04059278
    0.04753295
    0.04039492
    0.05027409
    0.08000609
    0.01069309
   -0.00343464
   -0.02809399
    0.05664289
   -0.09181810
    0.04542320
    0.08177864
    0.09478864
    0.12843241
    0.13467996
