           4           3   2.64591185130179     
           5           4   1.13993565290138     
           6           5   1.43730290831443     
           7           6   1.34753530698831     
           8           7   1.53261737913657     
           9           8   1.27159698112486     
          10           9   1.29287894300399     
          11           2  0.593612840941425     
          11          10   1.44322234339722     
          12          11   1.23204420416438     
          13          12   1.54676866345046     
          14           5   1.21837358892443     
          14           9   1.23314863135169     
          14          13   1.29143271387750     
          15           6  0.968166650420139     
          16           7  0.967605493469801     
          17           8  0.964325483696135     
          18          10  0.911767775581303     
          19          12  0.899404941695130     
          20          13  0.953375897258004     
          21           3   1.12903544705728     
          22          21   1.34648790636682     
          23          22   1.45199648518036     
          24          23   1.44013978010979     
          25          24   1.37301510618120     
          26          21   1.36621345110869     
          26          25   1.39880401435643     
          27          22  0.969907350132822     
          28          23  0.969038516165451     
          29          24  0.966535464012838     
          30          26  0.962070477399877     
          31          25   1.05361796710551     
          32          31   1.37027530655540     
          33          32   1.44707301483647     
          34          33   1.42882286396471     
          35           1  0.589424151177584     
          35          34   1.34881256796278     
          36          31   1.38455800224438     
          36          35   1.35871158144002     
          37          32  0.961716690129381     
          38          33  0.961145201736379     
          39          34  0.907180897022988     
          40          36  0.906800473300404     
          42          41   2.64602510250267     
          43          42   1.13982220957774     
          44          43   1.43753773473663     
          45          44   1.34744700158247     
          46          45   1.53269983117092     
          47          46   1.27151270686427     
          48          47   1.29289239307460     
          49           2  0.593733298472903     
          49          48   1.44314794215219     
          50          49   1.23211090275070     
          51          50   1.54673990549653     
          52          43   1.21818681479047     
          52          47   1.23326648439204     
          52          51   1.29149309626357     
          53          44  0.968162252609515     
          54          45  0.967608721963696     
          55          46  0.964327022894771     
          56          48  0.911822913344799     
          57          50  0.899393644301216     
          58          51  0.953374279434361     
          59          41   1.12890837156709     
          60          59   1.34654362403961     
          61          60   1.45198408886638     
          62          61   1.44011614296622     
          63          62   1.37311440430762     
          64          59   1.36627204268636     
          64          63   1.39877140221617     
          65          60  0.969901880575192     
          66          61  0.969030665313916     
          67          62  0.966532570828589     
          68          64  0.962092874794821     
          69          63   1.05355166511448     
          70          69   1.37043719816780     
          71          70   1.44692145742640     
          72          71   1.42896786117069     
          73           1  0.589636884800379     
          73          72   1.34865389057080     
          74          69   1.38445553960981     
          74          73   1.35884047320725     
          75          70  0.961721601385030     
          76          71  0.961145154937485     
          77          72  0.907048979414887     
          78          74  0.906793570613009     
          80          79   2.64597085422690     
          81          80   1.13985438686560     
          82          81   1.43742840191836     
          83          82   1.34753096620358     
          84          83   1.53258456293390     
          85          84   1.27164075994386     
          86          85   1.29283267865823     
          87           1  0.593799347560095     
          87          86   1.44320068280460     
          88          87   1.23205734483575     
          89          88   1.54680204534555     
          90          81   1.21828723283689     
          90          85   1.23318483121725     
          90          89   1.29145017658518     
          91          82  0.968166780664123     
          92          83  0.967616236978547     
          93          84  0.964326393126412     
          94          86  0.911807507798287     
          95          88  0.899396620263701     
          96          89  0.953365018815839     
          97          79   1.12893225395681     
          98          97   1.34648002829902     
          99          98   1.45199828451097     
         100          99   1.44018323024782     
         101         100   1.37297892566014     
         102          97   1.36629399956808     
         102         101   1.39880147050778     
         103          98  0.969904007217547     
         104          99  0.969020218091398     
         105         100  0.966537570560381     
         106         102  0.962088247674931     
         107         101   1.05363467871140     
         108         107   1.37040508083881     
         109         108   1.44698979079669     
         110         109   1.42887779551218     
         111           2  0.589627923969157     
         111         110   1.34869984857178     
         112         107   1.38438883377014     
         112         111   1.35886324286256     
         113         108  0.961723351152424     
         114         109  0.961146238303576     
         115         110  0.907030196127148     
         116         112  0.906826128982162     
         118         117   2.64604585495225     
         119         118   1.13984383274629     
         120         119   1.43744270205451     
         121         120   1.34748132897543     
         122         121   1.53262898169283     
         123         122   1.27160510873413     
         124         123   1.29284816399695     
         125           1  0.593633978308344     
         125         124   1.44314858300597     
         126         125   1.23213010352578     
         127         126   1.54673474226677     
         128         119   1.21830275961000     
         128         123   1.23323040923838     
         128         127   1.29143051699563     
         129         120  0.968164270608266     
         130         121  0.967615619646267     
         131         122  0.964322805576151     
         132         124  0.911771598650444     
         133         126  0.899398235591080     
         134         127  0.953376627643890     
         135         117   1.12895898321589     
         136         135   1.34665296311273     
         137         136   1.45181813853667     
         138         137   1.44032943877306     
         139         138   1.37284562241552     
         140         135   1.36612174258598     
         140         139   1.39890094724650     
         141         136  0.969907842963028     
         142         137  0.969031956423263     
         143         138  0.966527413249671     
         144         140  0.962076823377570     
         145         139   1.05369283212943     
         146         145   1.37030159230274     
         147         146   1.44704412186555     
         148         147   1.42888950499402     
         149           2  0.589478107315133     
         149         148   1.34868844902798     
         150         145   1.38442219482639     
         150         149   1.35886292439823     
         151         146  0.961711881448168     
         152         147  0.961136873672312     
         153         148  0.907167019858914     
         154         150  0.906792332168233     
