   -0.07099708
   -0.09189175
   -0.01611519
   -0.04313567
    0.04353341
   -0.02335375
   -0.01613429
   -0.03225773
    0.02647998
   -0.03267976
    0.04287563
   -0.09685279
    0.05744310
   -0.01026680
    0.06891497
    0.05976711
    0.06356928
    0.08890228
    0.11737481
    0.11639981
    0.02180671
   -0.03398673
   -0.05114898
    0.05370478
   -0.12661065
    0.05815646
   -0.05012403
   -0.03308553
   -0.01570866
   -0.03760769
   -0.01971586
   -0.01996958
   -0.03241910
    0.04061575
    0.03605760
    0.20293803
    0.04201823
    0.04840488
    0.07005772
    0.07076313
    0.01301832
   -0.00711419
   -0.02982282
    0.05179447
   -0.09037066
    0.04463900
    0.08094698
    0.09106063
    0.12071259
    0.12726604
   -0.01612012
   -0.04313805
    0.04354704
   -0.02336711
   -0.01612718
   -0.03223737
    0.02646099
   -0.03268686
    0.04288570
   -0.09685043
    0.05744388
   -0.01026132
    0.06894349
    0.05979155
    0.06356658
    0.08889855
    0.11732127
    0.11640807
    0.02180292
   -0.03396815
   -0.05115278
    0.05373075
   -0.12662980
    0.05818037
   -0.05013108
   -0.03309962
   -0.01568752
   -0.03761427
   -0.01972069
   -0.01995953
   -0.03242439
    0.04058211
    0.03606882
    0.20294820
    0.04201949
    0.04840942
    0.07006854
    0.07077127
    0.01301597
   -0.00712101
   -0.02982153
    0.05180073
   -0.09036059
    0.04462085
    0.08092614
    0.09104367
    0.12073872
    0.12721307
   -0.01609862
   -0.04313899
    0.04353775
   -0.02335094
   -0.01611901
   -0.03225330
    0.02646020
   -0.03269030
    0.04287631
   -0.09685307
    0.05744607
   -0.01027416
    0.06892077
    0.05977379
    0.06356604
    0.08891050
    0.11737793
    0.11637822
    0.02179171
   -0.03396263
   -0.05115300
    0.05371258
   -0.12660001
    0.05814478
   -0.05013594
   -0.03309088
   -0.01569014
   -0.03760937
   -0.01970744
   -0.01996561
   -0.03242245
    0.04056717
    0.03607838
    0.20296653
    0.04202060
    0.04840839
    0.07005512
    0.07076572
    0.01300419
   -0.00710574
   -0.02981469
    0.05179068
   -0.09036101
    0.04463344
    0.08092456
    0.09104926
    0.12069839
    0.12726020
   -0.01611072
   -0.04312547
    0.04354310
   -0.02337894
   -0.01612978
   -0.03225912
    0.02647235
   -0.03268829
    0.04288175
   -0.09685566
    0.05747452
   -0.01025214
    0.06895206
    0.05977860
    0.06358688
    0.08888290
    0.11730023
    0.11637471
    0.02181080
   -0.03398236
   -0.05116405
    0.05372252
   -0.12658285
    0.05815625
   -0.05013934
   -0.03308037
   -0.01570070
   -0.03761916
   -0.01971005
   -0.01996838
   -0.03241496
    0.04058639
    0.03607679
    0.20296168
    0.04201862
    0.04839051
    0.07006366
    0.07075463
    0.01302188
   -0.00711328
   -0.02981427
    0.05176556
   -0.09034662
    0.04463653
    0.08091967
    0.09104517
    0.12072742
    0.12722822
