           4           3   2.63079156427727     
           5           4   1.13590430581357     
           6           5   1.45271841147816     
           7           6   1.34692032226978     
           8           7   1.52183086998892     
           9           8   1.29303783095230     
          10           9   1.27336538277172     
          11          10   1.55322533866615     
          12           1  0.602798609090294     
          12          11   1.24580681108051     
          13          12   1.42641964880933     
          14           5   1.19791341190541     
          14           9   1.22933825055083     
          14          13   1.32087715064278     
          15           6  0.966597092894948     
          16           7  0.967426257574921     
          17           8  0.965584206883323     
          18          10  0.960016655043551     
          19          11  0.917947465605634     
          20          13  0.910256837809000     
          21           3   1.12295199155386     
          22          21   1.30913439451834     
          23          22   1.49311309803188     
          24          23   1.34203841288949     
          25          24   1.16688422903532     
          26          25   1.18104550999240     
          27          26   1.33985803353178     
          28          27   1.49423432929686     
          29          28   1.33146846069801     
          30          29   1.40455836759782     
          31          26   1.24308655733094     
          31          30   1.38654723850110     
          32          24   1.25023618393501     
          32          31   1.14220082655477     
          33          21   1.39039642508015     
          33          32   1.38173554217688     
          34          22  0.970418202047634     
          35          23  0.965610181701004     
          36          25  0.929354888372930     
          37          27  0.966836093076007     
          38          28  0.966938813454522     
          39          30  0.962532944496258     
          40          33  0.964981825330386     
          41          29   1.06336900220561     
          42          41   1.36160181531844     
          43          42   1.45270705147609     
          44          43   1.42425628166492     
          45           2  0.594291678673827     
          45          44   1.34687531390704     
          46          41   1.37828526233421     
          46          45   1.35862869953540     
          47          42  0.962134160476718     
          48          43  0.961815257713127     
          49          44  0.909507435227834     
          50          46  0.907635788136898     
          52          51   2.63083386770089     
          53          52   1.13585743182610     
          54          53   1.45275717251149     
          55          54   1.34687753954020     
          56          55   1.52184513738535     
          57          56   1.29308211616204     
          58          57   1.27342306292162     
          59          58   1.55309842612889     
          60           1  0.602838751733152     
          60          59   1.24596987962608     
          61          60   1.42623330603182     
          62          53   1.19794357424099     
          62          57   1.22922294419405     
          62          61   1.32099020089045     
          63          54  0.966591727503774     
          64          55  0.967419684945093     
          65          56  0.965573115083131     
          66          58  0.960017467795737     
          67          59  0.918057503607656     
          68          61  0.910197221453069     
          69          51   1.12295448373830     
          70          69   1.30926463243941     
          71          70   1.49302353580307     
          72          71   1.34210434698263     
          73          72   1.16686859988271     
          74          73   1.18102564910475     
          75          74   1.33990764271789     
          76          75   1.49418655067411     
          77          76   1.33142786708034     
          78          77   1.40450130497854     
          79          74   1.24309282356915     
          79          78   1.38658168368796     
          80          72   1.25019667858269     
          80          79   1.14214007896458     
          81          69   1.39025427993623     
          81          80   1.38185303180931     
          82          70  0.970423301002989     
          83          71  0.965615101805525     
          84          73  0.929355423551455     
          85          75  0.966841527282675     
          86          76  0.966943379967007     
          87          78  0.962523825439386     
          88          81  0.964980511164720     
          89          77   1.06352652355766     
          90          89   1.36145564409972     
          91          90   1.45290210233643     
          92          91   1.42406631232430     
          93           2  0.594201906765833     
          93          92   1.34697364051233     
          94          89   1.37822482362775     
          94          93   1.35865782210825     
          95          90  0.962125929500654     
          96          91  0.961814135338838     
          97          92  0.909456923284923     
          98          94  0.907702744713547     
         100          99   2.63071341040083     
         101         100   1.13592054757822     
         102         101   1.45267351619383     
         103         102   1.34701020283404     
         104         103   1.52172022529860     
         105         104   1.29314176223549     
         106         105   1.27331008993098     
         107         106   1.55324365768702     
         108           1  0.602843495337677     
         108         107   1.24581207001342     
         109         108   1.42635452529560     
         110         101   1.19790035663698     
         110         105   1.22927870459978     
         110         109   1.32095508989532     
         111         102  0.966588842010477     
         112         103  0.967420783195128     
         113         104  0.965581174915208     
         114         106  0.960021761213307     
         115         107  0.917950487174754     
         116         109  0.910253982774159     
         117          99   1.12305942443647     
         118         117   1.30906201078639     
         119         118   1.49323156703567     
         120         119   1.34194766527853     
         121         120   1.16693794944017     
         122         121   1.18103543862816     
         123         122   1.33980659793749     
         124         123   1.49424314564808     
         125         124   1.33145609529974     
         126         125   1.40459406912740     
         127         122   1.24314109953444     
         127         126   1.38651048933906     
         128         120   1.25022448507319     
         128         127   1.14218822294505     
         129         117   1.39032281465051     
         129         128   1.38177815867373     
         130         118  0.970413064544396     
         131         119  0.965607144025921     
         132         121  0.929347730755515     
         133         123  0.966846698966666     
         134         124  0.966943260870756     
         135         126  0.962523028534430     
         136         129  0.964986845508703     
         137         125   1.06337685894472     
         138         137   1.36155580392048     
         139         138   1.45282129159772     
         140         139   1.42415870472608     
         141           2  0.594220300756808     
         141         140   1.34692938807642     
         142         137   1.37827385648596     
         142         141   1.35865215434732     
         143         138  0.962127543391482     
         144         139  0.961810351465019     
         145         140  0.909537006373432     
         146         142  0.907623201244619     
         148         147   2.63080158166651     
         149         148   1.13591798972181     
         150         149   1.45290126668596     
         151         150   1.34677930839462     
         152         151   1.52194890728061     
         153         152   1.29293587812913     
         154         153   1.27347541047495     
         155         154   1.55309871678916     
         156           1  0.602811825252609     
         156         155   1.24598059072586     
         157         156   1.42617754723693     
         158         149   1.19769852812425     
         158         153   1.22930610389003     
         158         157   1.32118454300246     
         159         150  0.966589666859767     
         160         151  0.967419244108199     
         161         152  0.965583535952204     
         162         154  0.960017173095969     
         163         155  0.918072332663263     
         164         157  0.910204667923808     
         165         147   1.12296603208894     
         166         165   1.30925346348833     
         167         166   1.49296239555450     
         168         167   1.34218542852795     
         169         168   1.16688488714394     
         170         169   1.18110925701753     
         171         170   1.33990310134533     
         172         171   1.49417450715621     
         173         172   1.33149958083792     
         174         173   1.40438941677122     
         175         170   1.24293755463805     
         175         174   1.38671529345995     
         176         168   1.25009143635281     
         176         175   1.14221079550636     
         177         165   1.39027961288126     
         177         176   1.38184622477152     
         178         166  0.970431398286424     
         179         167  0.965612570259543     
         180         169  0.929343880971441     
         181         171  0.966844079135436     
         182         172  0.966937453692389     
         183         174  0.962516988583317     
         184         177  0.964971654647406     
         185         173   1.06349717837984     
         186         185   1.36167412927112     
         187         186   1.45266479623639     
         188         187   1.42431279988014     
         189           2  0.594250515267268     
         189         188   1.34674863012454     
         190         185   1.37805217001560     
         190         189   1.35883864407143     
         191         186  0.962126022356942     
         192         187  0.961812407155641     
         193         188  0.909514880314695     
         194         190  0.907655215944061     
